# Initial composition Z = 0.01
# 0.00000E+000  0.00000E+000  0.00000E+000  0.00000E+000      7.229700E-001      2.416200E-005      2.669800E-001      7.888600E-009      1.084700E-010      1.798200E-003      2.179000E-005      4.851100E-004      1.193000E-006      4.399700E-003      1.775900E-006      9.922900E-006      3.305100E-007      9.341600E-004      2.351300E-006      7.555700E-005      2.355100E-005      3.452800E-004      4.553300E-005      5.213700E-005      0.000000E+000      3.816300E-005      4.774800E-004      2.236200E-005      4.281200E-006      2.221800E-004      5.372600E-006      4.808000E-005      2.414200E-006      4.400100E-005      3.187600E-008      2.402200E-006      2.440900E-007      1.165600E-005      6.463200E-006      8.860900E-004      2.349300E-006      5.002100E-005      4.939400E-007      1.247600E-006
# winds ejecta
           Min          Mfin          M_HE          M_CO                  H                HE3                HE4                LI7                BE7                C12                C13                N14                N15                O16                O17                O18                F19               NE20               NE21               NE22               NA23               MG24               MG25               MG26               AL26               AL27               SI28               SI29                  P                  S                 CL                 AR                  K                 CA                 SC                 TI                  V                 CR                 MN                 FE                 CO                 NI                 CU                 ZN
  1.40000E+001  1.35313E+001  4.75705E+000  2.71156E+000      3.233424E-001      1.905626E-005      1.406402E-001      5.319570E-010      2.855226E-014      5.380586E-004      2.844638E-005      8.264240E-004      2.663879E-007      1.763737E-003      1.154005E-006      3.259201E-006      1.314001E-007      4.367387E-004      2.222836E-006      2.971992E-005      1.716120E-005      1.618718E-004      1.871779E-005      2.706531E-005      3.093373E-009      1.800074E-005      2.238507E-004      0.000000E+000      0.000000E+000      1.041591E-004      0.000000E+000      2.254056E-005      0.000000E+000      2.062831E-005      0.000000E+000      1.126205E-006      0.000000E+000      5.464580E-006      0.000000E+000      4.154086E-004      0.000000E+000      2.345040E-005      0.000000E+000      5.848761E-007
  1.60000E+001  1.53518E+001  5.69170E+000  3.36208E+000      4.147681E-001      1.563265E-005      2.269695E-001      1.005713E-009      7.526687E-014      4.488701E-004      3.325851E-005      1.911386E-003      2.614682E-007      1.966042E-003      1.659787E-006      2.871707E-006      1.430609E-007      6.014027E-004      4.811520E-006      3.240440E-005      3.423340E-005      2.239651E-004      2.142379E-005      4.175534E-005      8.829555E-009      2.525082E-005      3.097143E-004      0.000000E+000      0.000000E+000      1.441108E-004      0.000000E+000      3.118632E-005      0.000000E+000      2.854059E-005      0.000000E+000      1.558178E-006      0.000000E+000      7.560597E-006      0.000000E+000      5.747446E-004      0.000000E+000      3.244513E-005      0.000000E+000      8.092139E-007
  1.80000E+001  1.71160E+001  6.43967E+000  4.03779E+000      6.011965E-001      3.865931E-005      2.739606E-001      1.356706E-009      1.143655E-013      1.123136E-003      5.194511E-005      1.431559E-003      6.010741E-007      3.330132E-003      1.825566E-006      6.504269E-006      2.462106E-007      8.227003E-004      3.855415E-006      5.643319E-005      3.363144E-005      3.053398E-004      3.500004E-005      5.114009E-005      1.053171E-008      3.418703E-005      4.222485E-004      0.000000E+000      0.000000E+000      1.964740E-004      0.000000E+000      4.251798E-005      0.000000E+000      3.891092E-005      0.000000E+000      2.124347E-006      0.000000E+000      1.030777E-005      0.000000E+000      7.835803E-004      0.000000E+000      4.423420E-005      0.000000E+000      1.103245E-006
  2.00000E+001  1.85153E+001  7.25264E+000  4.82922E+000      1.017835E+000      6.927889E-005      4.519604E-001      1.468715E-009      1.139668E-013      2.033856E-003      9.056588E-005      2.112709E-003      1.058753E-006      5.724082E-003      2.815942E-006      1.167087E-005      4.239657E-007      1.382114E-003      5.608519E-006      9.742783E-005      5.410560E-005      5.127853E-004      5.999265E-005      8.459883E-005      2.409853E-008      5.743086E-005      7.091213E-004      0.000000E+000      0.000000E+000      3.299570E-004      0.000000E+000      7.140439E-005      0.000000E+000      6.534673E-005      0.000000E+000      3.567614E-006      0.000000E+000      1.731079E-005      0.000000E+000      1.315939E-003      0.000000E+000      7.428660E-005      0.000000E+000      1.852782E-006
  2.20000E+001  1.84548E+001  8.32660E+000  5.64647E+000      2.547187E+000      2.294832E-004      9.623567E-001      1.578579E-009      1.190057E-013      6.192458E-003      1.051248E-004      2.098948E-003      3.742053E-006      1.537584E-002      6.373954E-006      3.429702E-005      1.151201E-006      3.310345E-003      8.802141E-006      2.637258E-004      8.911161E-005      1.224126E-003      1.593223E-004      1.867717E-004      1.411871E-008      1.355528E-004      1.692840E-003      0.000000E+000      0.000000E+000      7.876900E-004      0.000000E+000      1.704602E-004      0.000000E+000      1.559990E-004      0.000000E+000      8.516788E-006      0.000000E+000      4.132520E-005      0.000000E+000      3.141476E-003      0.000000E+000      1.773407E-004      0.000000E+000      4.423054E-006
  2.40000E+001  2.02972E+001  9.32415E+000  6.54345E+000      2.656793E+000      2.338149E-004      1.008768E+000      1.693251E-009      1.674043E-013      6.420338E-003      1.294608E-004      2.274980E-003      3.715169E-006      1.600442E-002      6.617839E-006      3.566660E-005      1.197903E-006      3.457100E-003      9.209922E-006      2.744657E-004      9.457413E-005      1.278552E-003      1.658929E-004      1.955106E-004      2.147193E-008      1.416736E-004      1.768105E-003      0.000000E+000      0.000000E+000      8.227113E-004      0.000000E+000      1.780389E-004      0.000000E+000      1.629348E-004      0.000000E+000      8.895450E-006      0.000000E+000      4.316255E-005      0.000000E+000      3.281149E-003      0.000000E+000      1.852254E-004      0.000000E+000      4.619706E-006
  2.60000E+001  2.13276E+001  1.02928E+001  7.40177E+000      3.343856E+000      2.980781E-004      1.281567E+000      1.822874E-009      2.305386E-013      8.067722E-003      1.331007E-004      3.051609E-003      4.805024E-006      2.007168E-002      8.352586E-006      4.462439E-005      1.498633E-006      4.361428E-003      1.162829E-005      3.439205E-004      1.230146E-004      1.613376E-003      2.082017E-004      2.476076E-004      8.172670E-008      1.790070E-004      2.231130E-003      0.000000E+000      0.000000E+000      1.038159E-003      0.000000E+000      2.246629E-004      0.000000E+000      2.056034E-004      0.000000E+000      1.122495E-005      0.000000E+000      5.446576E-005      0.000000E+000      4.140401E-003      0.000000E+000      2.337314E-004      0.000000E+000      5.829493E-006
  2.80000E+001  2.25363E+001  1.12613E+001  8.26296E+000      3.906777E+000      3.495239E-004      1.501903E+000      1.956676E-009      3.032602E-013      9.422781E-003      1.459350E-004      3.642599E-003      5.622035E-006      2.341280E-002      9.729116E-006      5.205821E-005      1.747199E-006      5.099512E-003      1.343525E-005      4.010995E-004      1.456937E-004      1.886590E-003      2.429812E-004      2.897908E-004      1.816416E-007      2.094819E-004      2.608954E-003      0.000000E+000      0.000000E+000      1.213963E-003      0.000000E+000      2.627077E-004      0.000000E+000      2.404207E-004      0.000000E+000      1.312580E-005      0.000000E+000      6.368908E-005      0.000000E+000      4.841543E-003      0.000000E+000      2.733118E-004      0.000000E+000      6.816669E-006
  3.00000E+001  2.31345E+001  1.24284E+001  9.27415E+000      4.905330E+000      4.069862E-004      1.891067E+000      2.084656E-009      3.330830E-013      1.164750E-002      3.175804E-004      4.729398E-003      6.079584E-006      2.933946E-002      1.214340E-005      6.516956E-005      2.193709E-006      6.407385E-003      1.709276E-005      5.029527E-004      1.845552E-004      2.370641E-003      3.044905E-004      3.650147E-004      9.557699E-008      2.633602E-004      3.278343E-003      0.000000E+000      0.000000E+000      1.525433E-003      0.000000E+000      3.301116E-004      0.000000E+000      3.021063E-004      0.000000E+000      1.649353E-005      0.000000E+000      8.003001E-005      0.000000E+000      6.083754E-003      0.000000E+000      3.434364E-004      0.000000E+000      8.565646E-006
  3.50000E+001  2.28076E+001  1.49919E+001  1.16306E+001      8.144594E+000      5.666651E-004      3.925672E+000      2.428137E-009      7.085951E-013      1.634305E-002      5.144835E-004      2.131777E-002      8.388900E-006      4.325362E-002      1.949047E-005      9.041508E-005      3.175404E-006      1.131641E-002      3.651800E-005      7.355992E-004      5.623756E-004      4.211639E-003      4.573468E-004      7.183930E-004      2.068737E-006      4.832721E-004      5.824080E-003      0.000000E+000      0.000000E+000      2.709932E-003      0.000000E+000      5.864432E-004      0.000000E+000      5.366917E-004      0.000000E+000      2.930076E-005      0.000000E+000      1.421733E-004      0.000000E+000      1.080779E-002      0.000000E+000      6.101148E-004      0.000000E+000      1.521687E-005
  4.00000E+001  2.09885E+001  1.76193E+001  1.41422E+001      1.147958E+001      6.202080E-004      7.342470E+000      3.461963E-009      5.817642E-011      1.832527E-002      7.182426E-004      5.644070E-002      9.724062E-006      5.069963E-002      2.526402E-005      1.000007E-004      3.538492E-006      1.750145E-002      5.434845E-005      8.543913E-004      1.361420E-003      6.570698E-003      5.536027E-004      1.236465E-003      1.165436E-005      7.969305E-004      9.085851E-003      0.000000E+000      0.000000E+000      4.227501E-003      0.000000E+000      9.148528E-004      0.000000E+000      8.372398E-004      0.000000E+000      4.570927E-005      0.000000E+000      2.217905E-004      0.000000E+000      1.686016E-002      0.000000E+000      9.517800E-004      0.000000E+000      2.373836E-005
  5.00000E+001  1.99635E+001  1.99635E+001  1.70849E+001      1.500143E+001      8.348984E-004      1.427894E+001      3.418905E-009      3.673901E-011      3.330600E-001      8.692903E-004      1.079198E-001      1.383903E-005      2.082415E-001      2.618717E-005      1.324264E-004      4.489468E-006      2.724275E-002      7.566944E-005      6.931397E-003      2.936110E-003      1.039406E-002      7.830205E-004      1.996274E-003      1.968186E-005      1.486628E-003      1.436720E-002      0.000000E+000      0.000000E+000      6.684120E-003      0.000000E+000      1.446478E-003      0.000000E+000      1.323765E-003      0.000000E+000      7.227112E-005      0.000000E+000      3.506743E-004      0.000000E+000      2.665770E-002      0.000000E+000      1.504864E-003      0.000000E+000      3.753282E-005
  6.00000E+001  2.45783E+001  2.45783E+001  2.06306E+001      1.716326E+001      9.393377E-004      1.679202E+001      4.092051E-009      1.589353E-010      7.961356E-001      2.169751E-003      1.290251E-001      1.611873E-005      4.052995E-001      2.973142E-005      1.434885E-004      4.946102E-006      3.203002E-002      7.615863E-005      1.619573E-002      3.684672E-003      1.226024E-002      1.064743E-003      2.388548E-003      3.456097E-005      1.817028E-003      1.694537E-002      0.000000E+000      0.000000E+000      7.883342E-003      0.000000E+000      1.705996E-003      0.000000E+000      1.561266E-003      0.000000E+000      8.523753E-005      0.000000E+000      4.135900E-004      0.000000E+000      3.144045E-002      0.000000E+000      1.774857E-003      0.000000E+000      4.426671E-005
  7.00000E+001  2.83456E+001  2.83456E+001  2.41110E+001      1.928782E+001      9.867527E-004      2.004921E+001      4.791461E-009      1.318091E-010      1.403122E+000      4.554875E-003      1.579381E-001      1.862869E-005      5.833274E-001      3.222265E-005      1.453215E-004      5.138119E-006      3.751715E-002      7.930644E-005      2.956422E-002      4.678542E-003      1.442139E-002      1.324228E-003      2.844241E-003      5.602900E-005      2.233565E-003      1.993089E-002      0.000000E+000      0.000000E+000      9.271924E-003      0.000000E+000      2.006492E-003      0.000000E+000      1.836269E-003      0.000000E+000      1.002514E-004      0.000000E+000      4.864403E-004      0.000000E+000      3.697842E-002      0.000000E+000      2.087483E-003      0.000000E+000      5.206391E-005
  8.00000E+001  3.32952E+001  3.32952E+001  2.87311E+001      2.124703E+001      1.032726E-003      2.281862E+001      5.462119E-009      1.404490E-010      1.566301E+000      7.420175E-003      1.859346E-001      2.087656E-005      6.900597E-001      3.316111E-005      1.501263E-004      5.334504E-006      4.198521E-002      8.127085E-005      3.355898E-002      5.462842E-003      1.617223E-002      1.618135E-003      3.223554E-003      7.936925E-005      2.564945E-003      2.234930E-002      0.000000E+000      0.000000E+000      1.039674E-002      0.000000E+000      2.249908E-003      0.000000E+000      2.059035E-003      0.000000E+000      1.124133E-004      0.000000E+000      5.454525E-004      0.000000E+000      4.146443E-002      0.000000E+000      2.340725E-003      0.000000E+000      5.838001E-005
  8.50000E+001  3.32410E+001  3.32410E+001  2.87418E+001      2.231138E+001      1.068532E-003      2.536423E+001      8.043278E-010      4.034395E-011      2.560845E+000      9.310243E-004      1.991341E-001      2.206264E-005      1.093664E+000      3.260343E-005      1.549492E-004      5.728004E-006      4.637932E-002      8.308404E-005      5.591990E-002      6.333874E-003      1.792792E-002      2.281857E-003      3.687015E-003      9.658620E-005      2.955159E-003      2.477367E-002      0.000000E+000      0.000000E+000      1.152414E-002      0.000000E+000      2.493883E-003      0.000000E+000      2.282313E-003      0.000000E+000      1.246032E-004      0.000000E+000      6.046001E-004      0.000000E+000      4.596074E-002      0.000000E+000      2.594548E-003      0.000000E+000      6.471061E-005
  9.00000E+001  3.50713E+001  3.50713E+001  3.04815E+001      2.336117E+001      1.089197E-003      2.719305E+001      8.731143E-010      3.998142E-011      2.732506E+000      9.817781E-004      2.138551E-001      2.291779E-005      1.183297E+000      3.443833E-005      1.576935E-004      5.861365E-006      4.916676E-002      8.389164E-005      6.017689E-002      6.838912E-003      1.902758E-002      2.556875E-003      3.912760E-003      1.104852E-004      3.183497E-003      2.629231E-002      0.000000E+000      0.000000E+000      1.223040E-002      0.000000E+000      2.646721E-003      0.000000E+000      2.422184E-003      0.000000E+000      1.322395E-004      0.000000E+000      6.416530E-004      0.000000E+000      4.877744E-002      0.000000E+000      2.753554E-003      0.000000E+000      6.867639E-005
  9.50000E+001  3.66268E+001  3.66268E+001  3.19464E+001      2.440400E+001      1.101444E-003      2.918991E+001      9.059929E-010      3.947881E-011      3.001087E+000      1.032762E-003      2.295338E-001      2.361263E-005      1.284636E+000      3.524963E-005      1.592655E-004      5.987223E-006      5.218207E-002      8.494628E-005      6.766164E-002      7.418397E-003      2.022264E-002      2.841802E-003      4.161965E-003      1.283802E-004      3.438461E-003      2.794304E-002      0.000000E+000      0.000000E+000      1.299805E-002      0.000000E+000      2.812846E-003      0.000000E+000      2.574215E-003      0.000000E+000      1.405396E-004      0.000000E+000      6.819271E-004      0.000000E+000      5.183902E-002      0.000000E+000      2.926385E-003      0.000000E+000      7.298694E-005
  1.00000E+002  3.85364E+001  3.85364E+001  3.36956E+001      2.547085E+001      1.109787E-003      3.099567E+001      1.026613E-009      3.959116E-011      3.116841E+000      1.087996E-003      2.462503E-001      2.420790E-005      1.356569E+000      3.598170E-005      1.603616E-004      6.056207E-006      5.490180E-002      8.617850E-005      7.043682E-002      7.923061E-003      2.129464E-002      3.100232E-003      4.392582E-003      1.480906E-004      3.658958E-003      2.942351E-002      0.000000E+000      0.000000E+000      1.368655E-002      0.000000E+000      2.961840E-003      0.000000E+000      2.710569E-003      0.000000E+000      1.479839E-004      0.000000E+000      7.180483E-004      0.000000E+000      5.458489E-002      0.000000E+000      3.081393E-003      0.000000E+000      7.685301E-005
  1.10000E+002  4.24814E+001  4.24814E+001  3.72769E+001      2.746212E+001      1.142613E-003      3.456671E+001      1.181852E-009      4.058306E-011      3.399259E+000      1.198808E-003      2.767933E-001      2.540609E-005      1.508101E+000      3.704264E-005      1.651050E-004      6.282605E-006      6.021759E-002      8.809442E-005      7.788430E-002      8.914979E-003      2.339548E-002      3.659755E-003      4.839882E-003      1.883759E-004      4.105372E-003      3.232469E-002      0.000000E+000      0.000000E+000      1.503570E-002      0.000000E+000      3.253803E-003      0.000000E+000      2.977763E-003      0.000000E+000      1.625714E-004      0.000000E+000      7.888299E-004      0.000000E+000      5.996559E-002      0.000000E+000      3.385141E-003      0.000000E+000      8.442879E-005
  1.20000E+002  4.60164E+001  4.60164E+001  4.05293E+001      2.938613E+001      1.146115E-003      3.856194E+001      1.282168E-009      3.597867E-011      3.724080E+000      1.310772E-003      3.099757E-001      2.604715E-005      1.664366E+000      3.895937E-005      1.655632E-004      6.395328E-006      6.586715E-002      8.954065E-005      8.727843E-002      1.001909E-002      2.563932E-002      4.257644E-003      5.297222E-003      2.321378E-004      4.606101E-003      3.542324E-002      0.000000E+000      0.000000E+000      1.647654E-002      0.000000E+000      3.565608E-003      0.000000E+000      3.263117E-003      0.000000E+000      1.781503E-004      0.000000E+000      8.644218E-004      0.000000E+000      6.571197E-002      0.000000E+000      3.709533E-003      0.000000E+000      9.251943E-005
  1.30000E+002  4.95507E+001  4.95507E+001  4.30843E+001      3.134907E+001      1.167863E-003      4.259789E+001      1.532361E-009      3.365751E-011      3.986520E+000      1.434811E-003      3.438985E-001      2.696870E-005      1.804713E+000      3.954484E-005      1.688349E-004      6.581368E-006      7.152056E-002      9.123922E-005      9.510743E-002      1.112421E-002      2.788347E-002      4.865374E-003      5.748400E-003      2.813765E-004      5.109886E-003      3.852195E-002      0.000000E+000      0.000000E+000      1.791743E-002      0.000000E+000      3.877425E-003      0.000000E+000      3.548479E-003      0.000000E+000      1.937297E-004      0.000000E+000      9.400164E-004      0.000000E+000      7.145855E-002      0.000000E+000      4.033935E-003      0.000000E+000      1.006104E-004
  1.40000E+002  5.31096E+001  5.31096E+001  4.63172E+001      3.328820E+001      1.157522E-003      4.664816E+001      1.616816E-009      2.966996E-011      4.234083E+000      1.553399E-003      3.790481E-001      2.731728E-005      1.944082E+000      4.136520E-005      1.673324E-004      6.599160E-006      7.714982E-002      9.253147E-005      1.026582E-001      1.223663E-002      3.011947E-002      5.502151E-003      6.194338E-003      3.342260E-004      5.618736E-003      4.160907E-002      0.000000E+000      0.000000E+000      1.935290E-002      0.000000E+000      4.188066E-003      0.000000E+000      3.832767E-003      0.000000E+000      2.092505E-004      0.000000E+000      1.015326E-003      0.000000E+000      7.718349E-002      0.000000E+000      4.357115E-003      0.000000E+000      1.086708E-004
  1.50000E+002  5.66913E+001  5.66913E+001  4.95382E+001      3.525070E+001      1.182564E-003      5.067417E+001      1.904547E-009      2.894620E-011      4.469240E+000      1.683082E-003      4.127186E-001      2.826214E-005      2.076080E+000      4.235516E-005      1.710996E-004      6.818948E-006      8.276185E-002      9.427196E-005      1.095472E-001      1.332195E-002      3.234758E-002      6.144249E-003      6.628082E-003      3.895860E-004      6.128165E-003      4.468518E-002      0.000000E+000      0.000000E+000      2.078321E-002      0.000000E+000      4.497594E-003      0.000000E+000      4.116036E-003      0.000000E+000      2.247156E-004      0.000000E+000      1.090366E-003      0.000000E+000      8.288791E-002      0.000000E+000      4.679138E-003      0.000000E+000      1.167024E-004
  1.60000E+002  5.99678E+001  5.99678E+001  5.25616E+001      3.723393E+001      1.190918E-003      5.501893E+001      2.065925E-009      2.659042E-011      4.679295E+000      1.818703E-003      4.494563E-001      2.897203E-005      2.194851E+000      4.350461E-005      1.723516E-004      6.965108E-006      8.862592E-002      9.583326E-005      1.163087E-001      1.448496E-002      3.468201E-002      6.762260E-003      7.064605E-003      4.513056E-004      6.669732E-003      4.790779E-002      0.000000E+000      0.000000E+000      2.228162E-002      0.000000E+000      4.821857E-003      0.000000E+000      4.412790E-003      0.000000E+000      2.409169E-004      0.000000E+000      1.168978E-003      0.000000E+000      8.886388E-002      0.000000E+000      5.016489E-003      0.000000E+000      1.251162E-004
  1.70000E+002  6.33451E+001  6.33451E+001  5.56359E+001      3.923341E+001      1.206678E-003      5.924541E+001      2.379480E-009      2.739260E-011      4.885017E+000      1.953581E-003      4.851776E-001      2.981621E-005      2.320807E+000      4.454283E-005      1.747912E-004      7.047486E-006      9.441689E-002      9.754107E-005      1.228802E-001      1.561957E-002      3.698191E-002      7.454228E-003      7.502794E-003      5.152068E-004      7.204163E-003      5.108206E-002      0.000000E+000      0.000000E+000      2.375753E-002      0.000000E+000      5.141253E-003      0.000000E+000      4.705089E-003      0.000000E+000      2.568750E-004      0.000000E+000      1.246410E-003      0.000000E+000      9.475013E-002      0.000000E+000      5.348777E-003      0.000000E+000      1.334038E-004
  1.80000E+002  6.68785E+001  6.68785E+001  5.88986E+001      4.118315E+001      1.191799E-003      6.338619E+001      2.446102E-009      2.569573E-011      5.074002E+000      2.083410E-003      5.219125E-001      3.013757E-005      2.442845E+000      4.617071E-005      1.725903E-004      7.188451E-006      1.000658E-001      9.862061E-005      1.288585E-001      1.674689E-002      3.922784E-002      8.150063E-003      7.930975E-003      5.825716E-004      7.730847E-003      5.418152E-002      0.000000E+000      0.000000E+000      2.519864E-002      0.000000E+000      5.453115E-003      0.000000E+000      4.990494E-003      0.000000E+000      2.724568E-004      0.000000E+000      1.322016E-003      0.000000E+000      1.004976E-001      0.000000E+000      5.673228E-003      0.000000E+000      1.414959E-004
  1.90000E+002  7.00397E+001  7.00397E+001  6.17782E+001      4.321599E+001      1.174717E-003      6.784362E+001      2.779323E-009      2.768358E-011      5.235469E+000      2.227505E-003      5.614919E-001      3.049632E-005      2.561725E+000      4.815471E-005      1.701770E-004      7.084810E-006      1.060394E-001      1.000688E-004      1.338715E-001      1.794204E-002      4.160358E-002      8.860233E-003      8.372820E-003      6.554174E-004      8.289299E-003      5.745948E-002      0.000000E+000      0.000000E+000      2.672273E-002      0.000000E+000      5.782937E-003      0.000000E+000      5.292335E-003      0.000000E+000      2.889358E-004      0.000000E+000      1.401976E-003      0.000000E+000      1.065760E-001      0.000000E+000      6.016363E-003      0.000000E+000      1.500541E-004
  2.00000E+002  7.36047E+001  7.36047E+001  6.49926E+001      4.522733E+001      1.179680E-003      7.192895E+001      3.024057E-009      2.910181E-011      5.394846E+000      2.363722E-003      5.981259E-001      3.119828E-005      2.677243E+000      4.902450E-005      1.709714E-004      7.147257E-006      1.116714E-001      1.015119E-004      1.384890E-001      1.905049E-002      4.383864E-002      9.584702E-003      8.797562E-003      7.284440E-004      8.812219E-003      6.054360E-002      0.000000E+000      0.000000E+000      2.815670E-002      0.000000E+000      6.093256E-003      0.000000E+000      5.576328E-003      0.000000E+000      3.044404E-004      0.000000E+000      1.477207E-003      0.000000E+000      1.122950E-001      0.000000E+000      6.339207E-003      0.000000E+000      1.581061E-004
  2.10000E+002  7.71180E+001  7.71180E+001  6.81810E+001      4.723641E+001      1.184699E-003      7.607497E+001      3.210197E-009      2.965236E-011      5.543131E+000      2.510488E-003      6.352123E-001      3.190093E-005      2.796441E+000      4.977863E-005      1.716736E-004      7.501133E-006      1.173537E-001      1.029229E-004      1.429316E-001      2.017430E-002      4.609213E-002      1.036837E-002      9.229424E-003      8.041804E-004      9.343016E-003      6.365254E-002      0.000000E+000      0.000000E+000      2.960219E-002      0.000000E+000      6.406066E-003      0.000000E+000      5.862601E-003      0.000000E+000      3.200695E-004      0.000000E+000      1.553043E-003      0.000000E+000      1.180599E-001      0.000000E+000      6.664644E-003      0.000000E+000      1.662228E-004
  2.20000E+002  8.06024E+001  8.06024E+001  7.13399E+001      4.928600E+001      1.195906E-003      8.022077E+001      3.607559E-009      3.331175E-011      5.687577E+000      2.645606E-003      6.726606E-001      3.276421E-005      2.908203E+000      5.016000E-005      1.735670E-004      7.583677E-006      1.230650E-001      1.043177E-004      1.468729E-001      2.130000E-002      4.835567E-002      1.113901E-002      9.658015E-003      8.828577E-004      9.874994E-003      6.677524E-002      0.000000E+000      0.000000E+000      3.105408E-002      0.000000E+000      6.720262E-003      0.000000E+000      6.150142E-003      0.000000E+000      3.357679E-004      0.000000E+000      1.629215E-003      0.000000E+000      1.238503E-001      0.000000E+000      6.991522E-003      0.000000E+000      1.743755E-004
  2.30000E+002  8.41029E+001  8.41029E+001  7.44818E+001      5.129568E+001      1.194122E-003      8.438421E+001      3.877974E-009      3.518813E-011      5.847502E+000      2.785026E-003      7.098841E-001      3.337403E-005      3.009941E+000      5.096105E-005      1.733718E-004      7.312950E-006      1.287466E-001      1.056038E-004      1.519843E-001      2.243404E-002      5.061371E-002      1.185806E-002      1.007050E-002      9.641502E-004      1.041166E-002      6.989044E-002      0.000000E+000      0.000000E+000      3.250245E-002      0.000000E+000      7.033698E-003      0.000000E+000      6.436987E-003      0.000000E+000      3.514282E-004      0.000000E+000      1.705202E-003      0.000000E+000      1.296267E-001      0.000000E+000      7.317610E-003      0.000000E+000      1.825085E-004
  2.40000E+002  8.75377E+001  8.75377E+001  7.76499E+001      5.333909E+001      1.176797E-003      8.860965E+001      4.073987E-009      3.595522E-011      5.973982E+000      2.930225E-003      7.494695E-001      3.375477E-005      3.114162E+000      5.211124E-005      1.708675E-004      7.285743E-006      1.344946E-001      1.066481E-004      1.552087E-001      2.358596E-002      5.289476E-002      1.262956E-002      1.049337E-002      1.049564E-003      1.095374E-002      7.303700E-002      0.000000E+000      0.000000E+000      3.396540E-002      0.000000E+000      7.350288E-003      0.000000E+000      6.726719E-003      0.000000E+000      3.672462E-004      0.000000E+000      1.781954E-003      0.000000E+000      1.354613E-001      0.000000E+000      7.646979E-003      0.000000E+000      1.907233E-004
  2.50000E+002  9.12603E+001  9.12603E+001  8.11044E+001      5.533426E+001      1.169371E-003      9.256996E+001      4.383922E-009      3.837817E-011      6.121771E+000      3.068005E-003      7.854472E-001      3.425398E-005      3.225398E+000      5.309383E-005      1.698780E-004      7.648973E-006      1.400072E-001      1.077217E-004      1.602453E-001      2.467236E-002      5.507588E-002      1.348310E-002      1.091325E-002      1.132721E-003      1.147389E-002      7.604560E-002      0.000000E+000      0.000000E+000      3.536419E-002      0.000000E+000      7.652994E-003      0.000000E+000      7.003744E-003      0.000000E+000      3.823704E-004      0.000000E+000      1.855340E-003      0.000000E+000      1.410400E-001      0.000000E+000      7.961903E-003      0.000000E+000      1.985778E-004
  2.60000E+002  9.49627E+001  9.49627E+001  8.45001E+001      5.735015E+001      1.173637E-003      9.653625E+001      4.836122E-009      4.270348E-011      6.259486E+000      3.203611E-003      8.215290E-001      3.496691E-005      3.340929E+000      5.388973E-005      1.706342E-004      7.738817E-006      1.455474E-001      1.090369E-004      1.642681E-001      2.575383E-002      5.726442E-002      1.438491E-002      1.133892E-002      1.216888E-003      1.199575E-002      7.906380E-002      0.000000E+000      0.000000E+000      3.676745E-002      0.000000E+000      7.956665E-003      0.000000E+000      7.281653E-003      0.000000E+000      3.975429E-004      0.000000E+000      1.928960E-003      0.000000E+000      1.466364E-001      0.000000E+000      8.277832E-003      0.000000E+000      2.064574E-004
  2.70000E+002  9.82838E+001  9.82838E+001  8.75732E+001      5.942918E+001      1.161359E-003      1.008606E+002      5.057648E-009      4.380260E-011      6.376992E+000      3.347346E-003      8.614955E-001      3.544699E-005      3.432414E+000      5.490206E-005      1.688735E-004      7.721821E-006      1.513925E-001      1.101248E-004      1.676994E-001      2.692583E-002      5.958522E-002      1.513844E-002      1.175097E-002      1.307724E-003      1.255240E-002      8.226494E-002      0.000000E+000      0.000000E+000      3.825575E-002      0.000000E+000      8.278741E-003      0.000000E+000      7.576406E-003      0.000000E+000      4.136350E-004      0.000000E+000      2.007042E-003      0.000000E+000      1.525721E-001      0.000000E+000      8.612909E-003      0.000000E+000      2.148145E-004
  2.80000E+002  1.01711E+002  1.01711E+002  9.06735E+001      6.151085E+001      1.166826E-003      1.050681E+002      5.279137E-009      4.477042E-011      6.494953E+000      3.493848E-003      8.998722E-001      3.620472E-005      3.533216E+000      5.542501E-005      1.696660E-004      7.377852E-006      1.571579E-001      1.115472E-004      1.712721E-001      2.806685E-002      6.186940E-002      1.597037E-002      1.217076E-002      1.398693E-003      1.309967E-002      8.541509E-002      0.000000E+000      0.000000E+000      3.972034E-002      0.000000E+000      8.595686E-003      0.000000E+000      7.866463E-003      0.000000E+000      4.294707E-004      0.000000E+000      2.083880E-003      0.000000E+000      1.584132E-001      0.000000E+000      8.942648E-003      0.000000E+000      2.230385E-004
  2.90000E+002  1.04979E+002  1.04979E+002  9.36569E+001      6.364529E+001      1.153793E-003      1.093825E+002      5.787200E-009      4.966826E-011      6.617155E+000      3.638543E-003      9.396231E-001      3.668795E-005      3.627361E+000      5.671497E-005      1.679479E-004      7.362766E-006      1.630568E-001      1.126474E-004      1.751634E-001      2.923771E-002      6.420886E-002      1.676245E-002      1.258694E-002      1.491812E-003      1.366043E-002      8.864162E-002      0.000000E+000      0.000000E+000      4.122045E-002      0.000000E+000      8.920317E-003      0.000000E+000      8.163553E-003      0.000000E+000      4.456903E-004      0.000000E+000      2.162581E-003      0.000000E+000      1.643960E-001      0.000000E+000      9.280382E-003      0.000000E+000      2.314620E-004
  3.00000E+002  1.08348E+002  1.08348E+002  9.67978E+001      6.567424E+001      1.175253E-003      1.137073E+002      5.886670E-009      4.885345E-011      6.734555E+000      3.789528E-003      9.780053E-001      3.771033E-005      3.722376E+000      5.668861E-005      1.709809E-004      7.497365E-006      1.688682E-001      1.142439E-004      1.784018E-001      3.039908E-002      6.651390E-002      1.759819E-002      1.299589E-002      1.585616E-003      1.422353E-002      9.181998E-002      0.000000E+000      0.000000E+000      4.269811E-002      0.000000E+000      9.240090E-003      0.000000E+000      8.456198E-003      0.000000E+000      4.616674E-004      0.000000E+000      2.240105E-003      0.000000E+000      1.702892E-001      0.000000E+000      9.613063E-003      0.000000E+000      2.397593E-004
  3.50000E+002  1.24888E+002  1.24888E+002  1.11900E+002      7.664351E+001      1.149094E-003      1.349186E+002      1.085843E-008      1.060168E-010      7.264002E+000      4.529497E-003      1.173437E+000      4.109916E-005      4.143466E+000      6.319696E-005      3.472128E-004      8.061308E-006      1.982454E-001      1.209523E-004      1.953809E-001      3.612813E-002      7.814183E-002      2.159918E-002      1.502727E-002      2.067326E-003      1.700793E-002      1.078551E-001      0.000000E+000      0.000000E+000      5.015327E-002      0.000000E+000      1.085343E-002      0.000000E+000      9.932664E-003      0.000000E+000      5.422752E-004      0.000000E+000      2.631231E-003      0.000000E+000      2.000220E-001      0.000000E+000      1.129152E-002      0.000000E+000      2.816217E-004
  4.00000E+002  1.41491E+002  1.41491E+002  1.27207E+002      8.839946E+001      1.198646E-003      1.553294E+002      2.539323E-008      2.938806E-010      7.753849E+000      5.271726E-003      1.358379E+000      4.652448E-005      4.564942E+000      7.086031E-005      5.336799E-004      8.405664E-006      2.277421E-001      1.311348E-004      2.134514E-001      4.159490E-002      8.974621E-002      2.597862E-002      1.708892E-002      2.545875E-003      1.973754E-002      1.238572E-001      0.000000E+000      0.000000E+000      5.759328E-002      0.000000E+000      1.246348E-002      0.000000E+000      1.140613E-002      0.000000E+000      6.227192E-004      0.000000E+000      3.021561E-003      0.000000E+000      2.296943E-001      0.000000E+000      1.296656E-002      0.000000E+000      3.233990E-004
  4.50000E+002  1.57469E+002  1.57469E+002  1.41945E+002      1.002048E+002      1.222690E-003      1.764941E+002      2.999458E-008      3.450760E-010      8.114427E+000      6.050330E-003      1.559305E+000      5.083867E-005      4.926195E+000      7.659318E-005      7.804961E-004      8.705426E-006      2.577321E-001      1.391386E-004      2.237795E-001      4.733721E-002      1.015708E-001      3.013947E-002      1.911614E-002      3.063975E-003      2.255754E-002      1.401589E-001      0.000000E+000      0.000000E+000      6.517251E-002      0.000000E+000      1.410367E-002      0.000000E+000      1.290717E-002      0.000000E+000      7.046687E-004      0.000000E+000      3.419197E-003      0.000000E+000      2.599219E-001      0.000000E+000      1.467295E-002      0.000000E+000      3.659581E-004
  5.00000E+002  1.72550E+002  1.72550E+002  1.55664E+002      1.127636E+002      1.287303E-003      1.978347E+002      3.676812E-008      4.255453E-010      8.465873E+000      6.838862E-003      1.763221E+000      5.570437E-005      5.260149E+000      8.241805E-005      5.108567E-004      9.591292E-006      2.885741E-001      1.487406E-004      2.338146E-001      5.314290E-002      1.137067E-001      3.424015E-002      2.116282E-002      3.599783E-003      2.542320E-002      1.568891E-001      0.000000E+000      0.000000E+000      7.295112E-002      0.000000E+000      1.578700E-002      0.000000E+000      1.444769E-002      0.000000E+000      7.887738E-004      0.000000E+000      3.827292E-003      0.000000E+000      2.909447E-001      0.000000E+000      1.642423E-002      0.000000E+000      4.096367E-004
  5.50000E+002  1.83667E+002  1.83667E+002  1.65894E+002      1.272827E+002      1.323409E-003      2.213256E+002      4.422652E-008      5.157393E-010      8.744587E+000      7.717502E-003      1.994817E+000      6.070230E-005      5.480930E+000      8.927168E-005      5.345205E-004      9.938974E-006      3.226943E-001      1.594157E-004      2.431926E-001      5.961015E-002      1.272104E-001      3.705893E-002      2.319624E-002      4.215786E-003      2.854475E-002      1.755148E-001      0.000000E+000      0.000000E+000      8.161167E-002      0.000000E+000      1.766118E-002      0.000000E+000      1.616288E-002      0.000000E+000      8.824147E-004      0.000000E+000      4.281657E-003      0.000000E+000      3.254848E-001      0.000000E+000      1.837407E-002      0.000000E+000      4.582676E-004
  6.00000E+002  1.86837E+002  1.86837E+002  1.68802E+002      1.454480E+002      1.368255E-003      2.493287E+002      4.920674E-008      5.812764E-010      8.864583E+000      8.710977E-003      2.282203E+000      6.648666E-005      5.573141E+000      9.609080E-005      7.379114E-004      1.016369E-005      3.636354E-001      1.731642E-004      2.483408E-001      6.746348E-002      1.434660E-001      3.808189E-002      2.533495E-002      4.991374E-003      3.219408E-002      1.979427E-001      0.000000E+000      0.000000E+000      9.204111E-002      0.000000E+000      1.991817E-002      0.000000E+000      1.822839E-002      0.000000E+000      9.951816E-004      0.000000E+000      4.828825E-003      0.000000E+000      3.670796E-001      0.000000E+000      2.072216E-002      0.000000E+000      5.168312E-004
