# Initial composition Z = 0.002
# 0.00000E+000  0.00000E+000  0.00000E+000  0.00000E+000      7.459600E-001      2.280400E-005      2.519800E-001      3.264200E-009      2.169400E-011      3.596300E-004      4.358000E-006      9.702300E-005      2.386000E-007      8.799400E-004      3.551900E-007      1.984600E-006      6.610300E-008      1.868300E-004      4.702600E-007      1.511100E-005      4.710200E-006      6.905500E-005      9.106500E-006      1.042700E-005      0.000000E+000      7.632600E-006      9.549600E-005      4.472300E-006      8.562400E-007      4.443500E-005      1.074500E-006      9.616000E-006      4.828300E-007      8.800200E-006      6.375100E-009      4.804500E-007      4.881800E-008      2.331200E-006      1.292600E-006      1.772200E-004      4.698500E-007      1.000400E-005      9.878700E-008      2.495100E-007
# winds ejecta
           Min          Mfin          M_HE          M_CO                  H                HE3                HE4                LI7                BE7                C12                C13                N14                N15                O16                O17                O18                F19               NE20               NE21               NE22               NA23               MG24               MG25               MG26               AL26               AL27               SI28               SI29                  P                  S                 CL                 AR                  K                 CA                 SC                 TI                  V                 CR                 MN                 FE                 CO                 NI                 CU                 ZN
  1.40000E+001  1.38865E+001  4.88941E+000  2.79414E+000      8.179638E-002      5.930817E-006      3.146585E-002      8.820044E-011      9.306125E-016      2.648694E-005      1.227863E-006      3.720938E-005      1.439519E-008      8.822018E-005      6.912799E-008      1.593285E-007      6.583838E-009      2.096696E-005      8.706334E-008      1.476183E-006      1.025324E-006      7.839646E-006      9.160818E-007      1.265659E-006      1.356808E-010      9.073715E-007      1.084078E-005      0.000000E+000      0.000000E+000      5.044138E-006      0.000000E+000      1.091577E-006      0.000000E+000      9.989724E-007      0.000000E+000      5.453904E-008      0.000000E+000      2.646346E-007      0.000000E+000      2.011710E-005      0.000000E+000      1.135639E-006      0.000000E+000      2.832396E-008
  1.60000E+001  1.58444E+001  5.73941E+000  3.46081E+000      1.131656E-001      9.128055E-006      4.214279E-002      1.632251E-010      1.499722E-015      4.124275E-005      1.749086E-006      4.015504E-005      2.264118E-008      1.267271E-004      7.001823E-008      2.457047E-007      9.462540E-009      2.882475E-005      8.998673E-008      2.147215E-006      1.222597E-006      1.074953E-005      1.313618E-006      1.679422E-006      1.973640E-010      1.240196E-006      1.486460E-005      0.000000E+000      0.000000E+000      6.916383E-006      0.000000E+000      1.496741E-006      0.000000E+000      1.369763E-006      0.000000E+000      7.478242E-008      0.000000E+000      3.628596E-007      0.000000E+000      2.758401E-005      0.000000E+000      1.557156E-006      0.000000E+000      3.883702E-008
  1.80000E+001  1.77842E+001  6.67635E+000  4.16712E+000      1.603668E-001      1.805497E-005      5.500467E-002      4.257159E-010      2.139908E-015      7.572541E-005      1.053104E-006      2.474119E-005      4.974925E-008      1.879640E-004      7.786873E-008      4.196748E-007      1.409863E-008      4.026742E-005      1.033751E-007      3.224219E-006      1.117177E-006      1.490419E-005      1.945586E-006      2.258013E-006      1.640296E-010      1.660419E-006      2.061073E-005      0.000000E+000      0.000000E+000      9.590264E-006      0.000000E+000      2.075382E-006      0.000000E+000      1.899315E-006      0.000000E+000      1.036934E-007      0.000000E+000      5.031415E-007      0.000000E+000      3.824802E-005      0.000000E+000      2.159155E-006      0.000000E+000      5.385144E-008
  2.00000E+001  1.96925E+001  7.60599E+000  4.90668E+000      2.285614E-001      2.590107E-005      7.833594E-002      4.835596E-010      4.135558E-014      1.085299E-004      1.460564E-006      3.443947E-005      7.147903E-008      2.679908E-004      1.095662E-007      6.006803E-007      2.009956E-008      5.738233E-005      1.461843E-007      4.598695E-006      1.585657E-006      2.123804E-005      2.774371E-006      3.213866E-006      6.353872E-010      2.367286E-006      2.936965E-005      0.000000E+000      0.000000E+000      1.366581E-005      0.000000E+000      2.957351E-006      0.000000E+000      2.706461E-006      0.000000E+000      1.477596E-007      0.000000E+000      7.169599E-007      0.000000E+000      5.450216E-005      0.000000E+000      3.076724E-006      0.000000E+000      7.673652E-008
  2.20000E+001  2.16039E+001  8.49490E+000  5.67716E+000      2.945188E-001      3.357537E-005      1.007294E-001      5.649536E-010      1.687826E-014      1.405754E-004      1.834873E-006      4.314152E-005      9.276623E-008      3.455101E-004      1.402475E-007      7.766964E-007      2.592155E-008      7.391430E-005      1.866052E-007      5.931859E-006      2.019604E-006      2.735210E-005      3.577054E-006      4.133991E-006      2.768568E-009      3.047705E-006      3.782462E-005      0.000000E+000      0.000000E+000      1.759993E-005      0.000000E+000      3.808714E-006      0.000000E+000      3.485598E-006      0.000000E+000      1.902968E-007      0.000000E+000      9.233587E-007      0.000000E+000      7.019228E-005      0.000000E+000      3.962453E-006      0.000000E+000      9.882747E-008
  2.40000E+001  2.34676E+001  9.51646E+000  6.57199E+000      3.960096E-001      4.524795E-005      1.352646E-001      6.207144E-010      1.650160E-014      1.893809E-004      2.445590E-006      5.713623E-005      1.250357E-007      4.648470E-004      1.883509E-007      1.045995E-006      3.488820E-008      9.936240E-005      2.502381E-007      7.982371E-006      2.693836E-006      3.676540E-005      4.811861E-006      5.554240E-006      3.328860E-009      4.095481E-006      5.084202E-005      0.000000E+000      0.000000E+000      2.365697E-005      0.000000E+000      5.119489E-006      0.000000E+000      4.685172E-006      0.000000E+000      2.557876E-007      0.000000E+000      1.241134E-006      0.000000E+000      9.434904E-005      0.000000E+000      5.326136E-006      0.000000E+000      1.328391E-007
  2.60000E+001  2.52884E+001  1.05266E+001  7.47286E+000      5.295327E-001      6.062322E-005      1.805780E-001      6.544999E-010      2.391930E-014      2.536403E-004      3.248117E-006      7.503678E-005      1.675282E-007      6.221851E-004      2.519059E-007      1.400714E-006      4.670137E-008      1.328286E-004      3.338597E-007      1.068514E-005      3.562647E-006      4.914119E-005      6.440005E-006      7.418886E-006      4.350710E-009      5.470365E-006      6.795620E-005      0.000000E+000      0.000000E+000      3.162027E-005      0.000000E+000      6.842787E-006      0.000000E+000      6.262273E-006      0.000000E+000      3.418897E-007      0.000000E+000      1.658919E-006      0.000000E+000      1.261084E-004      0.000000E+000      7.118996E-006      0.000000E+000      1.775548E-007
  2.80000E+001  2.71412E+001  1.15207E+001  8.40467E+000      6.395396E-001      7.347329E-005      2.175114E-001      6.776450E-010      2.449010E-014      3.070423E-004      3.806555E-006      8.861002E-005      2.031103E-007      7.520716E-004      3.040986E-007      1.694435E-006      5.646399E-008      1.603528E-004      4.026405E-007      1.291740E-005      4.233014E-006      5.930937E-005      7.783952E-006      8.951762E-006      5.459976E-009      6.592451E-006      8.201770E-005      0.000000E+000      0.000000E+000      3.816319E-005      0.000000E+000      8.258710E-006      0.000000E+000      7.558074E-006      0.000000E+000      4.126342E-007      0.000000E+000      2.002185E-006      0.000000E+000      1.522030E-004      0.000000E+000      8.592072E-006      0.000000E+000      2.142947E-007
  3.00000E+001  2.86371E+001  1.26621E+001  9.43223E+000      1.015076E+000      1.166209E-004      3.450177E-001      6.954872E-010      3.657715E-014      4.875265E-004      6.129902E-006      1.394361E-004      3.221366E-007      1.194380E-003      4.827905E-007      2.691313E-006      8.968618E-008      2.544869E-004      6.393923E-007      2.051357E-005      6.683955E-006      9.412067E-005      1.236157E-005      1.420551E-005      5.133901E-009      1.045650E-005      1.301576E-004      0.000000E+000      0.000000E+000      6.056290E-005      0.000000E+000      1.310612E-005      0.000000E+000      1.199425E-005      0.000000E+000      6.548279E-007      0.000000E+000      3.177359E-006      0.000000E+000      2.415378E-004      0.000000E+000      1.363515E-005      0.000000E+000      3.400740E-007
  3.50000E+001  3.27120E+001  1.52569E+001  1.18820E+001      1.705499E+000      1.966879E-004      5.777564E-001      7.766024E-010      2.672913E-013      8.209292E-004      1.002640E-005      2.275446E-004      5.434950E-007      2.009496E-003      8.117272E-007      4.530145E-006      1.509187E-007      4.273549E-004      1.074363E-006      3.451312E-005      1.098265E-005      1.580030E-004      2.079690E-005      2.384803E-005      4.813220E-009      1.750980E-005      2.185002E-004      0.000000E+000      0.000000E+000      1.016694E-004      0.000000E+000      2.200179E-005      0.000000E+000      2.013524E-005      0.000000E+000      1.099287E-006      0.000000E+000      5.333963E-006      0.000000E+000      4.054795E-004      0.000000E+000      2.288988E-005      0.000000E+000      5.708963E-007
  4.00000E+001  3.56045E+001  1.80660E+001  1.44215E+001      3.276548E+000      3.769636E-004      1.109768E+000      8.211863E-010      1.504363E-013      1.577028E-003      1.953225E-005      4.361988E-004      1.033395E-006      3.861184E-003      1.559907E-006      8.703728E-006      2.899860E-007      8.209956E-004      2.064266E-006      6.631499E-005      2.107004E-005      3.035355E-004      3.996060E-005      4.581291E-005      6.169859E-009      3.363326E-005      4.197555E-004      0.000000E+000      0.000000E+000      1.953146E-004      0.000000E+000      4.226714E-005      0.000000E+000      3.868126E-005      0.000000E+000      2.111816E-006      0.000000E+000      1.024695E-005      0.000000E+000      7.789586E-004      0.000000E+000      4.397327E-005      0.000000E+000      1.096734E-006
  5.00000E+001  4.21707E+001  2.39140E+001  1.99095E+001      5.798100E+000      6.153473E-004      2.014966E+000      1.197840E-009      9.612476E-014      2.672633E-003      4.856918E-005      1.150220E-003      1.579076E-006      6.617543E-003      2.687593E-006      1.484502E-005      4.965364E-007      1.457515E-003      3.618931E-006      1.137307E-004      4.781613E-005      5.407264E-004      6.851833E-005      8.263185E-005      4.368726E-008      6.164638E-005      7.477241E-004      0.000000E+000      0.000000E+000      3.479113E-004      0.000000E+000      7.528992E-005      0.000000E+000      6.890257E-005      0.000000E+000      3.761740E-006      0.000000E+000      1.825277E-005      0.000000E+000      1.387548E-003      0.000000E+000      7.832900E-005      0.000000E+000      1.953602E-006
  6.00000E+001  4.74123E+001  2.86502E+001  2.54627E+001      8.407255E+000      7.301589E-004      4.154571E+000      1.928166E-009      2.845279E-012      3.121607E-003      5.498211E-005      5.259852E-003      2.036265E-006      8.355547E-003      3.972186E-006      1.697300E-005      5.983139E-007      2.253720E-003      4.646668E-006      1.460354E-004      2.196379E-004      8.722777E-004      8.670763E-005      1.201277E-004      1.011347E-006      1.351485E-004      1.203616E-003      0.000000E+000      0.000000E+000      5.596477E-004      0.000000E+000      1.211106E-004      0.000000E+000      1.108361E-004      0.000000E+000      6.051111E-006      0.000000E+000      2.936123E-005      0.000000E+000      2.231994E-003      0.000000E+000      1.259992E-004      0.000000E+000      3.142544E-006
  7.00000E+001  5.43999E+001  3.34498E+001  2.95150E+001      1.030613E+001      8.386523E-004      5.262057E+000      2.144108E-008      9.887868E-010      3.706485E-003      8.353438E-005      7.528640E-003      2.241840E-006      9.401659E-003      4.108970E-006      2.023079E-005      6.943617E-007      2.775225E-003      5.517228E-006      1.656865E-004      3.084997E-004      1.081874E-003      9.768894E-005      1.493260E-004      2.105082E-006      1.764555E-004      1.491882E-003      0.000000E+000      0.000000E+000      6.936145E-004      0.000000E+000      1.501017E-004      0.000000E+000      1.373677E-004      0.000000E+000      7.499610E-006      0.000000E+000      3.638964E-005      0.000000E+000      2.766283E-003      0.000000E+000      1.561605E-004      0.000000E+000      3.894799E-006
  8.00000E+001  5.56713E+001  3.66558E+001  3.21616E+001      1.311586E+001      8.538470E-004      1.113590E+001      1.666107E-009      3.003488E-008      2.682527E-002      2.080116E-004      1.843383E-002      2.353354E-006      1.440727E-002      3.937855E-006      2.105224E-005      7.033167E-007      4.097162E-003      6.379066E-006      2.853171E-004      8.196924E-004      1.704548E-003      1.015397E-004      1.869581E-004      4.417176E-006      3.746813E-004      2.332399E-003      0.000000E+000      0.000000E+000      1.082646E-003      0.000000E+000      2.342903E-004      0.000000E+000      2.144140E-004      0.000000E+000      1.170595E-005      0.000000E+000      5.679974E-005      0.000000E+000      4.317831E-003      0.000000E+000      2.437473E-004      0.000000E+000      6.079302E-006
  8.50000E+001  5.42621E+001  3.91552E+001  3.39161E+001      1.633183E+001      1.050712E-003      1.426448E+001      1.180469E-010      1.888457E-008      7.459342E-002      1.605874E-004      2.378506E-002      2.993943E-006      2.124877E-002      4.777852E-006      2.546270E-005      8.526128E-007      5.176752E-003      7.754818E-006      6.087883E-004      1.034054E-003      2.155910E-003      1.276955E-004      2.358689E-004      6.632417E-006      4.778917E-004      2.947667E-003      0.000000E+000      0.000000E+000      1.367939E-003      0.000000E+000      2.960290E-004      0.000000E+000      2.709151E-004      0.000000E+000      1.479065E-005      0.000000E+000      7.176725E-005      0.000000E+000      5.455633E-003      0.000000E+000      3.079781E-004      0.000000E+000      7.681280E-006
  9.00000E+001  5.30011E+001  4.84315E+001  4.32912E+001      2.043573E+001      1.076750E-003      1.648904E+001      5.133530E-011      2.686551E-011      4.905973E-003      1.620524E-004      3.173390E-002      3.233601E-006      1.173772E-002      4.950207E-006      2.584049E-005      8.614806E-007      6.174407E-003      8.361248E-006      2.222557E-004      1.378205E-003      2.585350E-003      1.224648E-004      2.900758E-004      8.245257E-006      5.910521E-004      3.545751E-003      0.000000E+000      0.000000E+000      1.646330E-003      0.000000E+000      3.562743E-004      0.000000E+000      3.260495E-004      0.000000E+000      1.780071E-005      0.000000E+000      8.637271E-005      0.000000E+000      6.565917E-003      0.000000E+000      3.706552E-004      0.000000E+000      9.244511E-006
  9.50000E+001  5.70734E+001  5.21002E+001  4.65358E+001      2.098962E+001      1.100778E-003      1.686100E+001      6.225209E-011      3.286597E-011      4.942814E-003      1.614880E-004      3.290237E-002      3.439049E-006      1.172688E-002      4.910798E-006      2.590660E-005      8.633396E-007      6.306877E-003      8.248059E-006      2.234955E-004      1.443861E-003      2.649433E-003      1.217105E-004      2.884214E-004      9.232217E-006      6.186677E-004      3.634521E-003      0.000000E+000      0.000000E+000      1.687596E-003      0.000000E+000      3.652044E-004      0.000000E+000      3.342220E-004      0.000000E+000      1.824690E-005      0.000000E+000      8.853766E-005      0.000000E+000      6.730493E-003      0.000000E+000      3.799458E-004      0.000000E+000      9.476225E-006
  1.00000E+002  6.08990E+001  5.57148E+001  4.98259E+001      2.223735E+001      1.186456E-003      1.678526E+001      6.438711E-011      3.106788E-011      5.282776E-003      1.630213E-004      3.321259E-002      3.696166E-006      1.264678E-002      5.347159E-006      2.777335E-005      9.254308E-007      6.546822E-003      8.693914E-006      2.390091E-004      1.428713E-003      2.728862E-003      1.325066E-004      3.064216E-004      1.013665E-005      6.212824E-004      3.746053E-003      0.000000E+000      0.000000E+000      1.739665E-003      0.000000E+000      3.764723E-004      0.000000E+000      3.445340E-004      0.000000E+000      1.880988E-005      0.000000E+000      9.126937E-005      0.000000E+000      6.938148E-003      0.000000E+000      3.916686E-004      0.000000E+000      9.768597E-006
  1.10000E+002  7.04273E+001  6.28893E+001  5.61892E+001      2.347587E+001      1.300599E-003      1.601737E+001      7.514508E-011      2.359962E-011      5.738893E-003      1.662166E-004      3.241742E-002      4.057464E-006      1.362803E-002      5.655383E-006      3.025726E-005      1.008051E-006      6.694125E-003      9.196444E-006      2.547389E-004      1.355466E-003      2.756605E-003      1.419180E-004      3.273459E-004      1.130541E-005      6.032704E-004      3.789503E-003      0.000000E+000      0.000000E+000      1.760342E-003      0.000000E+000      3.809470E-004      0.000000E+000      3.486290E-004      0.000000E+000      1.903345E-005      0.000000E+000      9.235421E-005      0.000000E+000      7.020621E-003      0.000000E+000      3.963238E-004      0.000000E+000      9.884710E-006
  1.20000E+002  7.99620E+001  6.90922E+001  6.19043E+001      2.446099E+001      1.319306E-003      1.549669E+001      7.810650E-011      9.094634E-012      5.803194E-003      1.692574E-004      3.276023E-002      4.196421E-006      1.382748E-002      5.796315E-006      3.050226E-005      1.016129E-006      6.828798E-003      9.271556E-006      2.588063E-004      1.305987E-003      2.786663E-003      1.453099E-004      3.470028E-004      1.269138E-005      5.922192E-004      3.832820E-003      0.000000E+000      0.000000E+000      1.780817E-003      0.000000E+000      3.853779E-004      0.000000E+000      3.526840E-004      0.000000E+000      1.925483E-005      0.000000E+000      9.342840E-005      0.000000E+000      7.102279E-003      0.000000E+000      4.009336E-004      0.000000E+000      9.999681E-006
  1.30000E+002  8.45829E+001  7.52819E+001  6.79406E+001      2.667565E+001      1.306048E-003      1.865055E+001      7.158829E-011      1.049238E-011      5.791180E-003      1.915413E-004      3.986817E-002      4.386616E-006      1.366594E-002      5.766981E-006      3.002536E-005      1.000185E-006      7.641983E-003      9.357745E-006      2.637555E-004      1.629939E-003      3.168855E-003      1.438346E-004      3.651387E-004      1.685558E-005      7.185642E-004      4.350097E-003      0.000000E+000      0.000000E+000      2.020406E-003      0.000000E+000      4.372263E-004      0.000000E+000      4.001337E-004      0.000000E+000      2.184536E-005      0.000000E+000      1.059982E-004      0.000000E+000      8.057812E-003      0.000000E+000      4.548748E-004      0.000000E+000      1.134503E-005
  1.40000E+002  9.27315E+001  8.14847E+001  7.37803E+001      2.804706E+001      1.371101E-003      1.912681E+001      7.467375E-011      7.513205E-012      6.078232E-003      2.014895E-004      4.139754E-002      4.626724E-006      1.425865E-002      5.970576E-006      3.147419E-005      1.048415E-006      7.962500E-003      9.678038E-006      2.760351E-004      1.684534E-003      3.297077E-003      1.493896E-004      3.784971E-004      1.922211E-005      7.485559E-004      4.526955E-003      0.000000E+000      0.000000E+000      2.102676E-003      0.000000E+000      4.550299E-004      0.000000E+000      4.164270E-004      0.000000E+000      2.273489E-005      0.000000E+000      1.103143E-004      0.000000E+000      8.385922E-003      0.000000E+000      4.733970E-004      0.000000E+000      1.180699E-005
  1.50000E+002  9.95811E+001  8.76945E+001  7.95721E+001      2.960613E+001      1.432635E-003      2.071195E+001      8.514430E-011      6.798387E-012      6.370388E-003      2.162551E-004      4.453660E-002      4.873066E-006      1.492807E-002      6.272517E-006      3.288257E-005      1.095321E-006      8.462878E-003      1.001786E-005      2.921127E-004      1.831854E-003      3.520746E-003      1.572155E-004      3.883007E-004      2.186966E-005      8.142040E-004      4.829544E-003      0.000000E+000      0.000000E+000      2.242920E-003      0.000000E+000      4.853793E-004      0.000000E+000      4.442017E-004      0.000000E+000      2.425125E-005      0.000000E+000      1.176720E-004      0.000000E+000      8.945243E-003      0.000000E+000      5.049715E-004      0.000000E+000      1.259449E-005
  1.60000E+002  1.05934E+002  9.37736E+001  8.58403E+001      3.123572E+001      1.424390E-003      2.272196E+001      9.009522E-011      5.610489E-012      6.383287E-003      2.326749E-004      4.921486E-002      4.962072E-006      1.494799E-002      6.363116E-006      3.266382E-005      1.088037E-006      9.027383E-003      1.006525E-005      2.989933E-004      2.031004E-003      3.781191E-003      1.582585E-004      4.010512E-004      2.549924E-005      8.963776E-004      5.180166E-003      0.000000E+000      0.000000E+000      2.405310E-003      0.000000E+000      5.205215E-004      0.000000E+000      4.763625E-004      0.000000E+000      2.600708E-005      0.000000E+000      1.261917E-004      0.000000E+000      9.592891E-003      0.000000E+000      5.415321E-004      0.000000E+000      1.350635E-005
  1.70000E+002  1.12407E+002  9.99607E+001  9.17066E+001      3.280630E+001      1.452445E-003      2.467162E+001      1.013049E-010      5.717973E-012      6.547946E-003      2.495871E-004      5.339231E-002      5.131087E-006      1.515925E-002      6.396957E-006      3.331015E-005      1.109555E-006      9.573636E-003      1.027016E-005      3.087876E-004      2.219173E-003      4.033864E-003      1.598187E-004      4.118234E-004      2.945781E-005      9.763411E-004      5.519357E-003      0.000000E+000      0.000000E+000      2.562379E-003      0.000000E+000      5.545119E-004      0.000000E+000      5.074693E-004      0.000000E+000      2.770536E-005      0.000000E+000      1.344321E-004      0.000000E+000      1.021931E-002      0.000000E+000      5.768946E-004      0.000000E+000      1.438832E-005
  1.80000E+002  1.19675E+002  1.06095E+002  9.74421E+001      3.418132E+001      1.441402E-003      2.602291E+001      1.097469E-010      3.316665E-012      6.543285E-003      2.626015E-004      5.697524E-002      5.178369E-006      1.510109E-002      6.414270E-006      3.304927E-005      1.100868E-006      1.000612E-002      1.027801E-005      3.133499E-004      2.357446E-003      4.228904E-003      1.598509E-004      4.234744E-004      3.310733E-005      1.035883E-003      5.781737E-003      0.000000E+000      0.000000E+000      2.683970E-003      0.000000E+000      5.808249E-004      0.000000E+000      5.315500E-004      0.000000E+000      2.902005E-005      0.000000E+000      1.408112E-004      0.000000E+000      1.070425E-002      0.000000E+000      6.042697E-004      0.000000E+000      1.507108E-005
  1.90000E+002  1.26839E+002  1.12190E+002  1.03683E+002      3.555452E+001      1.425600E-003      2.748105E+001      1.130159E-010      2.153768E-012      6.520232E-003      2.757731E-004      6.073457E-002      5.212790E-006      1.502227E-002      6.442271E-006      3.268230E-005      1.088652E-006      1.045335E-002      1.026731E-005      3.181415E-004      2.502644E-003      4.432243E-003      1.597807E-004      4.350107E-004      3.671936E-005      1.098447E-003      6.054365E-003      0.000000E+000      0.000000E+000      2.810263E-003      0.000000E+000      6.081554E-004      0.000000E+000      5.565620E-004      0.000000E+000      3.038558E-005      0.000000E+000      1.474371E-004      0.000000E+000      1.120793E-002      0.000000E+000      6.327034E-004      0.000000E+000      1.578025E-005
  2.00000E+002  1.34193E+002  1.18217E+002  1.09677E+002      3.689647E+001      1.422658E-003      2.877985E+001      1.268192E-010      1.912491E-012      6.547522E-003      2.880621E-004      6.410937E-002      5.272197E-006      1.503296E-002      6.474922E-006      3.261962E-005      1.086569E-006      1.087539E-002      1.031080E-005      3.240536E-004      2.630712E-003      4.621830E-003      1.601894E-004      4.466734E-004      4.040767E-005      1.155161E-003      6.308535E-003      0.000000E+000      0.000000E+000      2.928037E-003      0.000000E+000      6.336422E-004      0.000000E+000      5.798865E-004      0.000000E+000      3.165899E-005      0.000000E+000      1.536159E-004      0.000000E+000      1.167764E-002      0.000000E+000      6.592189E-004      0.000000E+000      1.644158E-005
  2.10000E+002  1.41324E+002  1.24231E+002  1.15619E+002      3.826353E+001      1.434532E-003      3.027624E+001      1.357431E-010      2.065434E-012      6.638434E-003      3.017118E-004      6.761651E-002      5.373997E-006      1.513694E-002      6.504417E-006      3.289858E-005      1.095859E-006      1.132750E-002      1.042406E-005      3.319272E-004      2.773644E-003      4.828398E-003      1.610939E-004      4.567194E-004      4.420657E-005      1.218842E-003      6.584346E-003      0.000000E+000      0.000000E+000      3.055770E-003      0.000000E+000      6.612844E-004      0.000000E+000      6.051837E-004      0.000000E+000      3.304009E-005      0.000000E+000      1.603173E-004      0.000000E+000      1.218707E-002      0.000000E+000      6.879768E-004      0.000000E+000      1.715883E-005
  2.20000E+002  1.48465E+002  1.30623E+002  1.21078E+002      3.968594E+001      1.470325E-003      3.170662E+001      1.390243E-010      2.398520E-012      6.822627E-003      3.146118E-004      7.065392E-002      5.528218E-006      1.563689E-002      6.801095E-006      3.372699E-005      1.123468E-006      1.179596E-002      1.065489E-005      3.473939E-004      2.886217E-003      5.035078E-003      1.681715E-004      4.697712E-004      4.711598E-005      1.273398E-003      6.859108E-003      0.000000E+000      0.000000E+000      3.183012E-003      0.000000E+000      6.888203E-004      0.000000E+000      6.303835E-004      0.000000E+000      3.441588E-005      0.000000E+000      1.669929E-004      0.000000E+000      1.269453E-002      0.000000E+000      7.166242E-004      0.000000E+000      1.787332E-005
  2.30000E+002  1.55314E+002  1.36267E+002  1.26616E+002      4.106713E+001      1.452224E-003      3.347067E+001      1.530181E-010      2.030294E-012      6.798431E-003      3.301932E-004      7.502216E-002      5.567481E-006      1.532854E-002      6.589786E-006      3.331574E-005      1.109757E-006      1.227231E-002      1.063208E-005      3.485001E-004      3.074452E-003      5.262433E-003      1.627500E-004      4.770334E-004      5.209472E-005      1.353166E-003      7.162255E-003      0.000000E+000      0.000000E+000      3.323353E-003      0.000000E+000      7.191905E-004      0.000000E+000      6.581773E-004      0.000000E+000      3.593328E-005      0.000000E+000      1.743557E-004      0.000000E+000      1.325424E-002      0.000000E+000      7.482204E-004      0.000000E+000      1.866136E-005
  2.40000E+002  1.62322E+002  1.42267E+002  1.31970E+002      4.247904E+001      1.479143E-003      3.504446E+001      1.627636E-010      2.087543E-012      6.950909E-003      3.444131E-004      7.844992E-002      5.707988E-006      1.562154E-002      6.720970E-006      3.394060E-005      1.130574E-006      1.274512E-002      1.081741E-005      3.602055E-004      3.217069E-003      5.478944E-003      1.653430E-004      4.861354E-004      5.589529E-005      1.419368E-003      7.449920E-003      0.000000E+000      0.000000E+000      3.456545E-003      0.000000E+000      7.480141E-004      0.000000E+000      6.845556E-004      0.000000E+000      3.737341E-005      0.000000E+000      1.813435E-004      0.000000E+000      1.378544E-002      0.000000E+000      7.782075E-004      0.000000E+000      1.940927E-005
  2.50000E+002  1.69254E+002  1.48863E+002  1.37991E+002      4.403811E+001      1.516669E-003      3.654770E+001      1.724803E-010      2.368249E-012      7.145499E-003      3.584904E-004      8.179666E-002      5.872623E-006      1.606332E-002      6.940455E-006      3.481041E-005      1.159554E-006      1.324800E-002      1.106748E-005      3.751292E-004      3.339337E-003      5.700944E-003      1.714988E-004      5.009417E-004      5.937482E-005      1.478449E-003      7.744787E-003      0.000000E+000      0.000000E+000      3.593122E-003      0.000000E+000      7.775700E-004      0.000000E+000      7.116040E-004      0.000000E+000      3.885012E-005      0.000000E+000      1.885088E-004      0.000000E+000      1.433014E-002      0.000000E+000      8.089563E-004      0.000000E+000      2.017617E-005
  2.60000E+002  1.75616E+002  1.54616E+002  1.42783E+002      4.541412E+001      1.499961E-003      3.880264E+001      1.730496E-010      1.918401E-012      7.132536E-003      3.762552E-004      8.660541E-002      5.923754E-006      1.595704E-002      6.945727E-006      3.442627E-005      1.146769E-006      1.379402E-002      1.105034E-005      3.826464E-004      3.551402E-003      5.967442E-003      1.695732E-004      5.043357E-004      6.414014E-005      1.571390E-003      8.095372E-003      0.000000E+000      0.000000E+000      3.755204E-003      0.000000E+000      8.126455E-004      0.000000E+000      7.437039E-004      0.000000E+000      4.060262E-005      0.000000E+000      1.970122E-004      0.000000E+000      1.497656E-002      0.000000E+000      8.454476E-004      0.000000E+000      2.108630E-005
  2.70000E+002  1.83450E+002  1.60522E+002  1.47435E+002      4.658570E+001      1.533775E-003      3.979269E+001      1.907456E-010      2.162574E-012      7.301337E-003      3.864338E-004      8.893369E-002      6.057099E-006      1.626481E-002      7.041996E-006      3.521313E-005      1.172974E-006      1.414676E-002      1.126645E-005      3.929152E-004      3.640184E-003      6.124112E-003      1.726157E-004      5.121672E-004      6.748820E-005      1.616626E-003      8.303368E-003      0.000000E+000      0.000000E+000      3.851589E-003      0.000000E+000      8.335036E-004      0.000000E+000      7.627925E-004      0.000000E+000      4.164477E-005      0.000000E+000      2.020689E-004      0.000000E+000      1.536096E-002      0.000000E+000      8.671477E-004      0.000000E+000      2.162752E-005
  2.80000E+002  1.90989E+002  1.66625E+002  1.51992E+002      4.788517E+001      1.557091E-003      4.094950E+001      2.002296E-010      2.267237E-012      7.431602E-003      3.982202E-004      9.175097E-002      6.171780E-006      1.650088E-002      7.135951E-006      3.575388E-005      1.190986E-006      1.454327E-002      1.143374E-005      4.027619E-004      3.748402E-003      6.301845E-003      1.750429E-004      5.208971E-004      7.125555E-005      1.669284E-003      8.539749E-003      0.000000E+000      0.000000E+000      3.961120E-003      0.000000E+000      8.572067E-004      0.000000E+000      7.844847E-004      0.000000E+000      4.282905E-005      0.000000E+000      2.078153E-004      0.000000E+000      1.579779E-002      0.000000E+000      8.918075E-004      0.000000E+000      2.224256E-005
  2.90000E+002  1.99000E+002  1.71378E+002  1.55772E+002      4.905090E+001      1.569414E-003      4.176884E+001      2.106602E-010      2.378799E-012      7.509507E-003      4.071814E-004      9.410365E-002      6.243990E-006      1.664114E-002      7.203060E-006      3.604184E-005      1.200580E-006      1.487126E-002      1.155398E-005      4.102258E-004      3.827586E-003      6.445053E-003      1.768349E-004      5.296486E-004      7.494432E-005      1.710070E-003      8.730545E-003      0.000000E+000      0.000000E+000      4.049602E-003      0.000000E+000      8.763547E-004      0.000000E+000      8.020083E-004      0.000000E+000      4.378576E-005      0.000000E+000      2.124575E-004      0.000000E+000      1.615068E-002      0.000000E+000      9.117284E-004      0.000000E+000      2.273941E-005
  3.00000E+002  2.04331E+002  1.78898E+002  1.63276E+002      5.081512E+001      1.579226E-003      4.466383E+001      2.196283E-010      2.290351E-012      7.618695E-003      4.301894E-004      9.984829E-002      6.385176E-006      1.682251E-002      7.336247E-006      3.627127E-005      1.208236E-006      1.558667E-002      1.166875E-005      4.258038E-004      4.074720E-003      6.788858E-003      1.789889E-004      5.384691E-004      7.999705E-005      1.820602E-003      9.180536E-003      0.000000E+000      0.000000E+000      4.257588E-003      0.000000E+000      9.213639E-004      0.000000E+000      8.431991E-004      0.000000E+000      4.603458E-005      0.000000E+000      2.233692E-004      0.000000E+000      1.698017E-002      0.000000E+000      9.585544E-004      0.000000E+000      2.390730E-005
  3.50000E+002  2.43201E+002  2.02762E+002  1.83609E+002      5.675576E+001      1.650984E-003      4.983199E+001      2.800865E-010      3.526704E-012      8.069703E-003      4.822455E-004      1.129970E-001      6.797175E-006      1.761089E-002      7.693949E-006      3.794550E-005      1.264013E-006      1.739881E-002      1.229317E-005      4.720005E-004      4.532683E-003      7.598436E-003      1.891372E-004      5.796330E-004      1.004959E-004      2.057027E-003      1.024977E-002      0.000000E+000      0.000000E+000      4.752934E-003      0.000000E+000      1.028559E-003      0.000000E+000      9.413005E-004      0.000000E+000      5.139044E-005      0.000000E+000      2.493569E-004      0.000000E+000      1.895572E-002      0.000000E+000      1.070077E-003      0.000000E+000      2.668878E-005
  4.00000E+002  2.78314E+002  2.31058E+002  2.09665E+002      6.367209E+001      1.663911E-003      5.777360E+001      3.335054E-010      4.063821E-012      8.341523E-003      5.542839E-004      1.316103E-001      7.146824E-006      1.794386E-002      7.979661E-006      3.825590E-005      1.274390E-006      1.975710E-002      1.264913E-005      5.243334E-004      5.225286E-003      8.689746E-003      1.966103E-004      6.214685E-004      1.257401E-004      2.393987E-003      1.168219E-002      0.000000E+000      0.000000E+000      5.415778E-003      0.000000E+000      1.172003E-003      0.000000E+000      1.072574E-003      0.000000E+000      5.855735E-005      0.000000E+000      2.841323E-004      0.000000E+000      2.159928E-002      0.000000E+000      1.219309E-003      0.000000E+000      3.041078E-005
  4.50000E+002  3.15948E+002  2.55842E+002  2.33340E+002      6.982846E+001      1.693471E-003      6.393204E+001      3.884147E-010      6.304263E-012      2.327304E-002      6.306745E-004      1.468231E-001      7.454722E-006      2.996708E-002      8.212531E-006      3.894791E-005      1.298166E-006      2.175462E-002      1.305202E-005      6.367906E-004      5.749509E-003      9.591484E-003      2.254598E-004      6.632830E-004      1.521299E-004      2.668144E-003      1.287132E-002      0.000000E+000      0.000000E+000      5.966211E-003      0.000000E+000      1.291119E-003      0.000000E+000      1.181586E-003      0.000000E+000      6.450882E-005      0.000000E+000      3.130101E-004      0.000000E+000      2.379452E-002      0.000000E+000      1.343234E-003      0.000000E+000      3.350159E-005
  5.00000E+002  3.51048E+002  2.83511E+002  2.59444E+002      7.669971E+001      1.738826E-003      7.190533E+001      4.739910E-010      6.599140E-012      3.992561E-002      7.163971E-004      1.650127E-001      7.861040E-006      4.073525E-002      8.545804E-006      4.001318E-005      1.334472E-006      2.412538E-002      1.354757E-005      7.705984E-004      6.414577E-003      1.068821E-002      2.540170E-004      7.039375E-004      1.805557E-004      3.007957E-003      1.430553E-002      0.000000E+000      0.000000E+000      6.629658E-003      0.000000E+000      1.434692E-003      0.000000E+000      1.312979E-003      0.000000E+000      7.168225E-005      0.000000E+000      3.478170E-004      0.000000E+000      2.644050E-002      0.000000E+000      1.492603E-003      0.000000E+000      3.722700E-005
  5.50000E+002  3.87928E+002  3.07682E+002  2.83783E+002      8.306273E+001      1.714542E-003      7.858161E+001      5.350155E-010      8.313809E-012      7.470836E-002      8.259931E-004      1.816602E-001      8.044970E-006      6.055193E-002      8.813115E-006      3.946232E-005      1.317937E-006      2.623108E-002      1.364499E-005      9.844150E-004      6.983790E-003      1.164760E-002      2.993543E-004      7.452598E-004      2.105777E-004      3.307195E-003      1.556777E-002      0.000000E+000      0.000000E+000      7.213718E-003      0.000000E+000      1.561086E-003      0.000000E+000      1.428649E-003      0.000000E+000      7.799732E-005      0.000000E+000      3.784590E-004      0.000000E+000      2.876985E-002      0.000000E+000      1.624098E-003      0.000000E+000      4.050662E-005
  6.00000E+002  4.17584E+002  3.42813E+002  3.13757E+002      9.105021E+001      1.772218E-003      9.093677E+001      6.323526E-010      6.522032E-012      5.143281E-002      8.799832E-004      2.068228E-001      8.610408E-006      4.706057E-002      9.105108E-006      4.081549E-005      1.363332E-006      2.940834E-002      1.428113E-005      9.605591E-004      7.924003E-003      1.318730E-002      2.851508E-004      7.768791E-004      2.439321E-004      3.789850E-003      1.752983E-002      0.000000E+000      0.000000E+000      8.120016E-003      0.000000E+000      1.757213E-003      0.000000E+000      1.608138E-003      0.000000E+000      8.779654E-005      0.000000E+000      4.260068E-004      0.000000E+000      3.238436E-002      0.000000E+000      1.828142E-003      0.000000E+000      4.559569E-005
