# Initial composition Z = 0.000001
# 0.00000E+000  0.00000E+000  0.00000E+000  0.00000E+000  0.00000E+000  0.00000E+000          SN      7.514600E-001      2.248800E-005      2.484800E-001      2.720200E-009      1.084700E-014      1.798200E-007      2.179000E-009      4.851100E-008      1.193000E-010      4.399700E-007      1.775900E-010      9.922900E-010      3.305100E-011      9.341600E-008      2.351300E-010      7.555700E-009      2.355100E-009      3.452800E-008      4.553300E-009      5.213700E-009      0.000000E+000      3.816300E-009      4.774800E-008      2.236200E-009      4.281200E-010      2.221800E-008      5.372600E-010      4.808000E-009      2.414200E-010      4.400100E-009      3.187600E-012      2.402200E-010      2.440900E-011      1.165600E-009      6.463200E-010      8.860900E-008      2.349300E-010      5.002100E-009      4.939400E-011      1.247600E-010
# total ejecta
           Min          Mfin          M_HE          M_CO          Mrem          Mbar         SNT                  H                HE3                HE4                LI7                BE7                C12                C13                N14                N15                O16                O17                O18                F19               NE20               NE21               NE22               NA23               MG24               MG25               MG26               AL26               AL27               SI28               SI29                  P                  S                 CL                 AR                  K                 CA                 SC                 TI                  V                 CR                 MN                 FE                 CO                 NI                 CU                 ZN
  1.40000E+001  1.39999E+001  4.53513E+000  2.79632E+000  1.49496E+000  1.66258E+000        CCSN      6.437260E+000      1.493956E-004      4.650354E+000      1.434667E-012      2.113197E-013      2.022728E-001      3.943294E-007      6.639471E-005      6.735796E-009      5.939329E-001      2.277712E-007      5.900194E-006      4.421784E-009      1.088350E-001      9.301141E-006      8.965278E-005      4.184192E-004      7.129521E-002      2.375087E-004      3.681597E-004      5.306287E-011      9.080895E-004      1.133435E-001      6.651739E-004      0.000000E+000      4.886486E-002      5.451591E-005      8.921613E-003      1.899961E-005      7.522710E-003      7.054947E-008      1.512978E-004      8.174591E-006      1.742887E-003      3.934455E-004      7.849324E-002      2.005802E-005      1.926351E-003      1.308672E-005      5.030075E-005
  1.60000E+001  1.59998E+001  5.38378E+000  3.49866E+000  1.45677E+000  1.61593E+000        CCSN      7.316992E+000      1.401824E-004      5.037470E+000      8.434255E-013      1.569368E-012      2.499041E-001      2.970681E-007      4.467752E-005      8.319732E-009      1.049123E+000      4.484589E-007      5.413275E-006      1.162743E-008      3.302252E-001      2.114074E-005      1.413866E-004      1.234120E-003      1.286196E-001      4.786125E-004      8.306619E-004      6.411315E-010      2.108408E-003      1.120282E-001      7.019817E-004      0.000000E+000      4.644506E-002      4.376935E-005      8.657877E-003      1.732589E-005      7.547083E-003      6.961901E-008      1.518296E-004      1.026289E-005      1.716379E-003      4.775941E-004      7.954736E-002      5.018327E-005      2.491024E-003      7.144693E-006      3.890751E-005
  1.80000E+001  1.79998E+001  6.30923E+000  4.31129E+000  1.47385E+000  1.63677E+000        CCSN      7.762451E+000      1.634502E-004      5.744222E+000      5.789490E-012      1.812873E-011      3.218574E-001      3.248452E-007      4.252043E-005      1.449318E-008      1.551884E+000      6.403523E-007      5.017795E-006      1.734536E-008      5.225197E-001      3.339471E-005      1.888128E-004      2.034177E-003      1.652510E-001      5.947237E-004      1.052655E-003      5.178254E-009      2.776941E-003      1.214210E-001      6.896990E-004      0.000000E+000      5.116067E-002      3.778466E-005      9.773941E-003      1.632804E-005      8.627082E-003      7.825939E-008      1.450937E-004      1.180355E-005      1.867039E-003      5.434679E-004      8.006967E-002      5.310355E-005      3.021234E-003      1.160620E-005      5.327818E-005
  2.00000E+001  1.99997E+001  7.30426E+000  5.15243E+000  1.59556E+000  1.78649E+000        CCSN      8.498549E+000      1.695821E-004      6.156195E+000      6.375113E-011      4.714238E-011      4.227758E-001      2.611051E-007      5.680443E-005      3.300655E-008      2.029924E+000      1.084320E-006      3.164153E-006      2.272145E-008      6.121720E-001      4.363073E-005      2.146389E-004      2.617029E-003      1.523016E-001      4.362079E-004      7.468544E-004      4.618854E-009      2.233822E-003      1.299619E-001      5.817000E-004      0.000000E+000      5.661824E-002      4.333438E-005      1.090418E-002      1.975649E-005      9.549629E-003      9.224165E-008      1.771041E-004      8.555195E-006      2.062552E-003      4.245494E-004      1.102538E-001      1.418800E-005      2.774236E-003      2.917784E-005      1.114659E-004
  2.20000E+001  2.19996E+001  8.38479E+000  6.07358E+000  1.67944E+000  1.89098E+000        CCSN      8.990281E+000      1.753376E-004      6.696249E+000      6.327159E-011      4.480968E-011      5.318777E-001      7.160959E-005      1.839266E-004      4.526600E-008      2.612950E+000      1.500671E-006      2.193708E-006      3.520549E-008      7.405813E-001      5.610972E-005      2.762177E-004      3.277342E-003      1.567890E-001      3.493957E-004      5.905003E-004      5.588445E-009      2.048655E-003      1.706014E-001      5.443791E-004      0.000000E+000      8.124495E-002      4.929255E-005      1.605579E-002      2.470089E-005      1.410403E-002      1.280616E-007      1.683661E-004      1.211715E-005      2.959455E-003      6.125873E-004      7.800049E-002      8.146955E-006      5.798950E-004      1.268302E-006      3.283022E-006
  2.40000E+001  2.39995E+001  9.45793E+000  7.04564E+000  1.67061E+000  1.87993E+000        CCSN      9.597427E+000      1.820479E-004      7.107355E+000      6.352345E-011      3.986700E-011      5.495222E-001      2.471894E-006      4.309564E-004      3.753593E-008      3.340293E+000      1.624485E-006      1.088070E-006      3.517642E-008      9.377430E-001      7.183229E-005      2.712998E-004      4.025129E-003      1.996028E-001      4.347197E-004      7.898735E-004      3.283712E-009      2.686497E-003      1.695390E-001      6.662071E-004      0.000000E+000      7.705767E-002      4.809113E-005      1.517307E-002      2.061830E-005      1.378567E-002      1.202849E-007      1.570237E-004      9.174869E-006      2.733423E-003      5.003994E-004      7.730714E-002      9.631381E-006      6.305749E-004      2.128430E-006      6.145673E-006
  2.60000E+001  2.59993E+001  1.05369E+001  8.05668E+000  2.54993E+001  2.59993E+001         FSN      5.053615E-004      5.775445E-008      1.671081E-004      1.367287E-012      3.996461E-021      1.209308E-010      1.465425E-012      3.262535E-011      8.023233E-014      2.958924E-010      1.194363E-013      6.673454E-013      2.222803E-014      6.282459E-011      1.581310E-013      5.081436E-012      1.583867E-012      2.322080E-011      3.062202E-012      3.506343E-012      0.000000E+000      2.566555E-012      3.211204E-011      0.000000E+000      0.000000E+000      1.494197E-011      0.000000E+000      3.233519E-012      0.000000E+000      2.959200E-012      0.000000E+000      1.615579E-013      0.000000E+000      7.839122E-013      0.000000E+000      5.959176E-011      0.000000E+000      3.364038E-012      0.000000E+000      8.390245E-014
  2.80000E+001  2.79992E+001  1.16270E+001  8.97867E+000  2.74992E+001  2.79992E+001         FSN      6.059629E-004      6.925002E-008      2.003740E-004      1.534626E-012      5.494667E-021      1.450042E-010      1.757145E-012      3.912001E-011      9.620402E-014      3.547951E-010      1.432122E-013      8.001926E-013      2.665293E-014      7.533095E-011      1.896098E-013      6.092988E-012      1.899164E-012      2.784332E-011      3.671788E-012      4.204344E-012      0.000000E+000      3.077475E-012      3.850452E-011      0.000000E+000      0.000000E+000      1.791643E-011      0.000000E+000      3.877209E-012      0.000000E+000      3.548282E-012      0.000000E+000      1.937189E-013      0.000000E+000      9.399640E-013      0.000000E+000      7.145458E-011      0.000000E+000      4.033711E-012      0.000000E+000      1.006047E-013
  3.00000E+001  2.99991E+001  1.27546E+001  1.00876E+001  2.94991E+001  2.99991E+001         FSN      7.089390E-004      8.101642E-008      2.344251E-004      1.674891E-012      7.264319E-021      1.696459E-010      2.055750E-012      4.576798E-011      1.125527E-013      4.150882E-010      1.675494E-013      9.361757E-013      3.118227E-014      8.813254E-011      2.218317E-013      7.128418E-012      2.221904E-012      3.257496E-011      4.295765E-012      4.918822E-012      2.726321E-042      3.600454E-012      4.504790E-011      0.000000E+000      0.000000E+000      2.096112E-011      0.000000E+000      4.536094E-012      0.000000E+000      4.151270E-012      0.000000E+000      2.266391E-013      0.000000E+000      1.099700E-012      0.000000E+000      8.359742E-011      0.000000E+000      4.719192E-012      0.000000E+000      1.177013E-013
  3.50000E+001  3.49987E+001  1.54366E+001  1.26937E+001  3.44987E+001  3.49987E+001         FSN      9.782418E-004      1.114131E-007      3.239205E-004      1.908567E-012      1.423515E-017      2.333854E-010      2.851988E-012      6.499909E-011      1.547798E-013      5.719071E-010      2.363628E-013      1.288110E-012      4.294551E-014      1.215152E-010      3.060455E-013      9.816348E-012      3.088419E-012      4.491797E-011      5.919361E-012      6.781074E-012      6.502590E-016      4.969686E-012      6.245263E-011      0.000000E+000      0.000000E+000      2.893349E-011      0.000000E+000      6.261358E-012      0.000000E+000      5.730169E-012      0.000000E+000      3.128393E-013      0.000000E+000      1.517961E-012      0.000000E+000      1.153930E-010      0.000000E+000      6.514095E-012      0.000000E+000      1.624680E-013
  4.00000E+001  3.99982E+001  1.81536E+001  1.52504E+001  3.94982E+001  3.99982E+001         FSN      1.331325E-003      1.490814E-007      4.444944E-004      2.030064E-012      6.163381E-018      3.128157E-010      3.984872E-012      1.022831E-010      2.071332E-013      7.715421E-010      3.438039E-013      1.727619E-012      5.785856E-014      1.645770E-010      4.141609E-013      1.321847E-011      4.290800E-012      6.084335E-011      7.989481E-012      9.191959E-012      1.054925E-014      6.745702E-012      8.754759E-011      0.000000E+000      0.000000E+000      3.945832E-011      0.000000E+000      8.538986E-012      0.000000E+000      7.814572E-012      0.000000E+000      4.266376E-013      0.000000E+000      2.070133E-012      0.000000E+000      1.573682E-010      0.000000E+000      8.883658E-012      0.000000E+000      2.215672E-013
  5.00000E+001  4.99964E+001  2.29623E+001  2.10425E+001  4.94964E+001  4.99964E+001         FSN      2.608768E-003      2.354970E-007      9.850438E-004      1.960877E-012      5.862000E-013      5.039824E-010      9.435085E-012      5.386547E-010      3.298680E-013      1.353639E-009      1.154797E-012      2.796886E-012      9.838457E-014      3.011847E-010      7.783422E-013      2.234234E-011      9.815011E-012      1.113614E-010      1.429114E-011      1.712965E-011      8.022099E-014      1.232510E-011      2.449596E-010      0.000000E+000      0.000000E+000      7.986584E-011      0.000000E+000      1.728337E-011      0.000000E+000      1.581713E-011      0.000000E+000      8.635383E-013      0.000000E+000      4.190067E-012      0.000000E+000      3.185221E-010      0.000000E+000      1.798102E-011      0.000000E+000      4.484645E-013
  6.00000E+001  5.99930E+001  2.50364E+001  2.25961E+001  5.94930E+001  5.99930E+001         FSN      4.748896E-003      3.426653E-007      2.217200E-003      1.773868E-012      1.068872E-011      2.205437E-007      2.826351E-007      4.050682E-007      7.615231E-012      1.641099E-006      1.534180E-009      4.861855E-012      1.865907E-013      4.465850E-009      1.387634E-012      4.018659E-011      1.784640E-011      2.362101E-010      2.761891E-011      2.890283E-011      5.414656E-014      2.045032E-011      6.533976E-010      0.000000E+000      0.000000E+000      1.549071E-010      0.000000E+000      3.352269E-011      0.000000E+000      3.067877E-011      0.000000E+000      1.674913E-012      0.000000E+000      8.127020E-012      0.000000E+000      6.178031E-010      0.000000E+000      3.487586E-011      0.000000E+000      8.698386E-013
  7.00000E+001  6.99881E+001  2.59259E+001  2.40494E+001  6.94881E+001  6.99881E+001         FSN      7.675733E-003      4.750279E-007      4.191180E-003      1.669306E-012      5.754701E-011      2.331776E-005      3.212400E-006      4.203270E-006      7.533838E-011      3.883802E-005      1.168528E-008      1.210162E-011      8.386822E-013      1.815170E-008      2.234118E-012      2.800610E-010      2.876907E-011      3.742775E-010      8.004975E-011      5.257642E-011      7.428918E-014      3.120883E-011      1.318375E-009      0.000000E+000      0.000000E+000      2.653982E-010      0.000000E+000      5.743354E-011      0.000000E+000      5.256109E-011      0.000000E+000      2.869582E-012      0.000000E+000      1.392379E-011      0.000000E+000      1.058464E-009      0.000000E+000      5.975178E-011      0.000000E+000      1.490270E-012
  8.00000E+001  7.99800E+001  2.88425E+001  2.63160E+001  7.94800E+001  7.99800E+001         FSN      1.226211E-002      6.477931E-007      7.461181E-003      1.639868E-012      1.062666E-010      9.716877E-005      1.224274E-005      1.162770E-005      2.060259E-010      1.184028E-004      2.950203E-008      2.272257E-011      2.096688E-012      3.612360E-008      3.384310E-012      1.210756E-009      4.023573E-011      5.790678E-010      2.010131E-010      9.640750E-011      8.180403E-014      4.538607E-011      2.559648E-009      0.000000E+000      0.000000E+000      4.439413E-010      0.000000E+000      9.607122E-011      0.000000E+000      8.792092E-011      0.000000E+000      4.800049E-012      0.000000E+000      2.329085E-011      0.000000E+000      1.770533E-009      0.000000E+000      9.994904E-011      0.000000E+000      2.492831E-012
  8.50000E+001  8.49745E+001  2.85897E+001  2.69018E+001  8.44745E+001  8.49745E+001         FSN      1.546733E-002      7.846425E-007      9.676434E-003      4.386573E-013      1.676374E-010      1.695264E-004      2.056061E-005      1.859403E-005      3.279913E-010      1.811930E-004      4.435510E-008      3.086710E-011      4.394579E-012      5.133395E-008      4.553384E-012      1.215249E-009      4.926524E-011      8.240623E-010      1.906251E-010      1.064474E-010      7.969885E-014      5.632278E-011      3.363983E-009      0.000000E+000      0.000000E+000      5.678430E-010      0.000000E+000      1.228844E-010      0.000000E+000      1.124592E-010      0.000000E+000      6.139732E-012      0.000000E+000      2.979122E-011      0.000000E+000      2.264681E-009      0.000000E+000      1.278444E-010      0.000000E+000      3.188565E-012
  9.00000E+001  8.99736E+001  4.32475E+001  3.78386E+001  3.86192E+001  3.91192E+001       PPISN      2.276262E+001      2.634216E-005      2.606923E+001      2.866842E-008      8.050239E-009      1.144917E+000      2.805121E-007      2.966564E-005      5.182006E-010      7.836061E-001      1.577707E-009      4.752868E-010      9.721703E-009      1.051514E-001      2.868002E-010      2.177114E-006      4.675764E-009      1.517340E-002      4.225668E-006      2.500551E-007      1.010747E-010      5.164607E-009      1.942864E-005      0.000000E+000      0.000000E+000      1.132965E-006      0.000000E+000      2.451753E-007      0.000000E+000      2.243757E-007      0.000000E+000      1.224983E-008      0.000000E+000      5.943861E-008      0.000000E+000      4.518428E-006      0.000000E+000      2.550717E-007      0.000000E+000      6.361745E-009
  9.50000E+001  9.49704E+001  4.62474E+001  4.04264E+001  4.00964E+001  4.05964E+001       PPISN      2.140927E+001      2.266658E-005      3.029543E+001      2.251964E-008      1.956764E-008      4.754499E-001      2.210450E-007      3.323120E-005      1.929062E-009      2.058389E+000      1.771311E-009      2.565789E-009      1.070928E-008      1.550798E-001      2.778386E-010      1.141334E-006      4.427787E-009      9.894472E-003      8.592688E-006      1.224947E-006      7.985863E-011      4.871644E-009      1.606367E-005      0.000000E+000      0.000000E+000      1.211876E-006      0.000000E+000      2.622547E-007      0.000000E+000      2.400059E-007      0.000000E+000      1.310318E-008      0.000000E+000      6.357924E-008      0.000000E+000      4.833192E-006      0.000000E+000      2.728408E-007      0.000000E+000      6.804913E-009
  1.00000E+002  9.99666E+001  4.99231E+001  4.41152E+001  4.31000E+001  4.36000E+001       PPISN      2.230611E+001      2.510192E-005      3.127555E+001      2.096581E-008      1.616488E-008      3.794146E-001      2.346032E-007      3.357274E-005      4.346650E-009      2.324092E+000      1.972435E-009      1.328433E-008      1.396531E-008      1.014613E-001      2.687304E-010      2.432504E-007      4.105136E-009      1.328047E-002      7.240462E-006      1.032047E-006      8.334879E-011      4.870843E-009      1.412944E-005      0.000000E+000      0.000000E+000      1.256325E-006      0.000000E+000      2.718748E-007      0.000000E+000      2.488101E-007      0.000000E+000      1.358382E-008      0.000000E+000      6.591142E-008      0.000000E+000      5.010485E-006      0.000000E+000      2.828491E-007      0.000000E+000      7.054531E-009
  1.10000E+002  1.09966E+002  5.59484E+001  4.97798E+001  4.74878E+001  4.79878E+001       PPISN      2.424632E+001      2.651321E-005      3.055174E+001      2.536937E-008      1.060527E-008      3.242359E+000      2.415475E-007      3.254530E-005      5.406175E-010      3.825594E+000      1.767131E-009      5.198256E-010      1.639079E-008      1.269922E-001      3.812882E-010      1.637955E-005      4.441583E-009      1.905323E-002      8.890765E-006      1.356919E-006      4.772111E-011      4.998912E-009      1.577188E-005      0.000000E+000      0.000000E+000      1.381452E-006      0.000000E+000      2.989526E-007      0.000000E+000      2.735906E-007      0.000000E+000      1.493672E-008      0.000000E+000      7.247599E-008      0.000000E+000      5.509517E-006      0.000000E+000      3.110199E-007      0.000000E+000      7.757145E-009
  1.20000E+002  1.19964E+002  6.21722E+001  5.57671E+001  3.17176E+001  3.22176E+001       PPISN      2.604759E+001      3.531837E-005      3.472446E+001      4.010265E-008      1.388730E-008      6.401527E+000      2.585046E-007      3.522330E-005      5.963358E-010      1.943601E+001      1.959507E-009      6.675971E-010      3.546610E-008      1.002025E+000      5.391723E-010      2.550182E-005      1.733365E-008      1.705711E-001      6.297828E-005      9.090779E-006      2.896587E-011      5.461974E-009      2.848443E-005      0.000000E+000      0.000000E+000      1.957229E-006      0.000000E+000      4.235489E-007      0.000000E+000      3.876166E-007      0.000000E+000      2.116198E-008      0.000000E+000      1.026823E-007      0.000000E+000      7.805744E-006      0.000000E+000      4.406451E-007      0.000000E+000      1.099013E-008
  1.30000E+002  1.29966E+002  6.89742E+001  6.22157E+001  0.00000E+000  0.00000E+000        PISN      2.793555E+001      2.795923E-005      3.517163E+001      9.905405E-009      1.148115E-008      7.316907E+000      5.515074E-007      1.209062E-004      7.726831E-007      5.224844E+001      4.536091E-006      2.984639E-006      1.734452E-008      5.299182E+000      5.352282E-004      1.975359E-004      9.695701E-003      1.624799E+000      4.014216E-003      3.939878E-003      4.717284E-011      3.578806E-002      3.345323E-001      2.081442E-003      2.877912E-003      1.269776E-003      5.915650E-005      1.461881E-005      1.417675E-007      2.849551E-007      1.486744E-011      1.473273E-008      1.168156E-012      7.128459E-008      8.824889E-014      1.396587E-003      1.656658E-014      3.058975E-007      6.265566E-015      7.629398E-009
  1.40000E+002  1.39967E+002  7.54862E+001  6.86198E+001  0.00000E+000  0.00000E+000        PISN      2.944806E+001      2.866003E-005      3.646674E+001      8.734463E-009      1.038517E-008      4.325056E+000      1.092465E-006      8.278733E-005      6.697000E-006      4.467535E+001      7.751642E-007      8.479159E-007      1.279398E-008      3.925768E+000      2.139914E-004      1.864651E-005      2.959598E-003      3.510803E+000      2.991217E-003      1.695492E-003      1.128898E-010      1.654762E-002      1.234769E+001      2.249208E-002      2.135783E-003      4.188232E+000      1.544536E-003      5.303700E-001      1.300339E-003      3.226561E-001      2.915383E-006      5.589908E-004      6.500995E-005      7.360550E-003      2.768158E-003      1.503458E-001      4.118177E-006      2.487866E-003      4.388683E-012      8.079943E-009
  1.50000E+002  1.49963E+002  8.12181E+001  7.39905E+001  0.00000E+000  0.00000E+000        PISN      3.100260E+001      3.141451E-005      3.923449E+001      1.142149E-008      6.493643E-009      4.318553E+000      1.229047E-006      8.309786E-005      6.662614E-006      4.675923E+001      7.271029E-007      8.105903E-007      1.233402E-008      4.215845E+000      2.612291E-004      2.024909E-005      3.005894E-003      3.743744E+000      2.505798E-003      1.744924E-003      2.064116E-011      1.609770E-002      1.430915E+001      2.200880E-002      1.829390E-003      5.043505E+000      1.395214E-003      6.516367E-001      1.074239E-003      4.089850E-001      3.071950E-006      8.725203E-004      7.652518E-005      1.252014E-002      3.524692E-003      2.410927E-001      4.404109E-006      2.686733E-003      4.862029E-012      8.623327E-009
  1.60000E+002  1.59962E+002  8.75137E+001  8.04993E+001  0.00000E+000  0.00000E+000        PISN      3.259297E+001      3.162562E-005      4.131850E+001      1.331688E-008      5.701844E-009      4.245898E+000      1.115577E-006      8.091094E-005      6.512109E-006      4.625994E+001      6.275288E-007      7.897187E-007      1.328665E-008      4.150794E+000      2.749437E-004      2.231915E-005      2.920535E-003      4.106758E+000      3.758046E-003      1.855820E-003      8.187675E-011      1.695564E-002      1.786169E+001      2.105352E-002      1.544892E-003      6.841013E+000      1.247499E-003      9.417490E-001      8.683061E-004      6.459844E-001      3.281258E-006      2.579655E-003      1.517523E-004      4.501765E-002      8.282063E-003      9.225723E-001      4.827416E-006      4.247150E-003      5.316147E-012      9.089320E-009
  1.70000E+002  1.69959E+002  9.37818E+001  8.70655E+001  0.00000E+000  0.00000E+000        PISN      3.411183E+001      3.554922E-005      4.352408E+001      1.145518E-008      6.487061E-010      4.150262E+000      8.529460E-007      7.980447E-005      6.421753E-006      4.537896E+001      5.524798E-007      7.688711E-007      1.567007E-008      4.009978E+000      1.988459E-004      2.264115E-005      2.835146E-003      4.346704E+000      4.566872E-003      2.026277E-003      4.013853E-011      1.758147E-002      2.086797E+001      2.055254E-002      1.382181E-003      8.546845E+000      1.106271E-003      1.260355E+000      6.842679E-004      9.369490E-001      3.451409E-006      5.610184E-003      2.699589E-004      1.148256E-001      1.798654E-002      2.667470E+000      5.459468E-006      7.484938E-003      6.217236E-012      9.557740E-009
  1.80000E+002  1.79954E+002  9.96554E+001  9.23143E+001  0.00000E+000  0.00000E+000        PISN      3.532902E+001      3.316612E-005      4.642160E+001      1.415042E-008      1.247007E-009      4.018724E+000      8.903419E-007      8.060368E-005      6.430192E-006      4.399455E+001      5.119838E-007      8.074254E-007      1.687311E-008      4.054941E+000      2.118183E-004      2.363765E-005      2.764448E-003      4.408427E+000      4.300126E-003      1.929871E-003      5.276635E-011      1.639834E-002      2.298542E+001      1.947801E-002      1.201853E-003      9.898115E+000      9.916594E-004      1.525588E+000      5.421328E-004      1.204874E+000      3.564197E-006      9.099714E-003      4.086367E-004      2.091195E-001      3.389056E-002      5.778706E+000      1.258376E-005      1.774603E-002      2.985795E-009      1.909577E-008
  1.90000E+002  1.89945E+002  1.05751E+002  9.82761E+001  0.00000E+000  0.00000E+000        PISN      3.678521E+001      3.057162E-005      4.894900E+001      1.274702E-008      7.933906E-010      3.833822E+000      7.129608E-007      8.083397E-005      6.549100E-006      4.246341E+001      4.698045E-007      8.032746E-007      1.948058E-008      3.866381E+000      1.454727E-004      2.308394E-005      2.685744E-003      4.386880E+000      4.567428E-003      2.029143E-003      3.305201E-011      1.643614E-002      2.460761E+001      1.920632E-002      1.207557E-003      1.089514E+001      8.911065E-004      1.740050E+000      4.323691E-004      1.421671E+000      3.590339E-006      1.203937E-002      4.802560E-004      2.855853E-001      4.316048E-002      1.047253E+001      9.096482E-004      1.226839E-001      3.667245E-006      3.991804E-005
  2.00000E+002  1.99933E+002  1.11077E+002  1.03040E+002  0.00000E+000  0.00000E+000        PISN      3.862215E+001      2.890710E-005      5.198536E+001      1.545864E-008      1.347313E-008      3.740837E+000      7.071663E-007      8.157898E-005      6.815890E-006      4.085278E+001      4.394537E-007      8.267844E-007      2.113751E-008      3.890191E+000      1.608234E-004      2.447859E-005      2.666437E-003      4.354377E+000      4.443770E-003      1.917994E-003      8.166964E-011      1.540467E-002      2.532788E+001      1.804984E-002      1.100252E-003      1.149893E+001      8.182445E-004      1.871075E+000      3.628220E-004      1.561222E+000      3.588561E-006      1.423674E-002      5.067726E-004      3.366699E-001      4.674634E-002      1.554534E+001      2.753625E-003      3.023031E-001      1.491328E-005      1.771380E-004
  2.10000E+002  2.09928E+002  1.17990E+002  1.11129E+002  0.00000E+000  0.00000E+000        PISN      3.995370E+001      3.439957E-005      5.388208E+001      1.343305E-008      7.762332E-010      3.718335E+000      8.228350E-007      7.757448E-005      7.111169E-006      3.878636E+001      3.907141E-007      8.446877E-007      2.540534E-008      3.864228E+000      1.491984E-004      2.403002E-005      2.716100E-003      4.530261E+000      3.872853E-003      1.892309E-003      1.809382E-011      1.452270E-002      2.570205E+001      1.720330E-002      1.140187E-003      1.192392E+001      7.461559E-004      1.970177E+000      3.112817E-004      1.666845E+000      3.534396E-006      1.660931E-002      5.156388E-004      3.819936E-001      4.838324E-002      2.277834E+001      6.354392E-003      6.431270E-001      4.119689E-005      5.138420E-004
  2.20000E+002  2.19916E+002  1.23985E+002  1.16783E+002  0.00000E+000  0.00000E+000        PISN      4.146081E+001      3.248814E-005      5.677259E+001      1.597241E-008      1.133417E-009      3.632099E+000      8.292158E-007      7.391074E-005      7.067008E-006      3.636465E+001      3.369306E-007      8.821192E-007      2.737447E-008      3.913810E+000      1.648328E-004      2.340413E-005      2.797169E-003      4.448592E+000      3.466841E-003      1.749294E-003      2.898854E-011      1.317046E-002      2.523431E+001      1.553254E-002      9.873958E-004      1.184956E+001      6.872884E-004      1.991060E+000      2.921770E-004      1.707935E+000      3.439972E-006      1.859310E-002      5.106733E-004      4.079234E-001      4.852395E-002      3.086955E+001      1.151483E-002      1.140740E+000      8.144330E-005      1.043435E-003
  2.30000E+002  2.29902E+002  1.30050E+002  1.22809E+002  2.29402E+002  2.29902E+002         DBH      6.237001E-002      5.000869E-006      3.589855E-002      1.077970E-010      1.830382E-010      1.095759E-008      2.727025E-010      2.649453E-008      7.138843E-012      2.740119E-008      1.148618E-011      6.055605E-011      2.052650E-012      5.799974E-009      1.459758E-011      4.690974E-010      1.463682E-010      2.143579E-009      2.826847E-010      3.236882E-010      1.029133E-015      2.370970E-010      1.189420E-008      0.000000E+000      0.000000E+000      2.185231E-009      0.000000E+000      4.728952E-010      0.000000E+000      4.327767E-010      0.000000E+000      2.362750E-011      0.000000E+000      1.146455E-010      0.000000E+000      8.715168E-009      0.000000E+000      4.919834E-010      0.000000E+000      1.227056E-011
  2.40000E+002  2.39888E+002  1.37049E+002  1.29259E+002  2.39388E+002  2.39888E+002         DBH      7.038296E-002      5.341502E-006      4.204181E-002      1.439393E-010      1.848321E-010      1.178935E-008      3.188876E-010      3.277443E-008      7.679647E-012      2.953160E-008      1.241682E-011      6.519804E-011      2.211547E-012      6.252982E-009      1.572733E-011      5.067857E-010      1.578289E-010      2.309480E-009      3.045995E-010      3.488053E-010      1.048207E-014      2.569804E-010      1.442128E-008      0.000000E+000      0.000000E+000      2.500173E-009      0.000000E+000      5.410504E-010      0.000000E+000      4.951499E-010      0.000000E+000      2.703277E-011      0.000000E+000      1.311686E-010      0.000000E+000      9.971227E-009      0.000000E+000      5.628897E-010      0.000000E+000      1.403903E-011
  2.50000E+002  2.49869E+002  1.43321E+002  1.35270E+002  2.49369E+002  2.49869E+002         DBH      8.288263E-002      6.572930E-006      4.853095E-002      1.524910E-010      2.038677E-010      1.440110E-008      3.575823E-010      3.647446E-008      9.430688E-012      3.580103E-008      1.493248E-011      7.948043E-011      2.681745E-012      7.578588E-009      1.907293E-011      6.131262E-010      1.911932E-010      2.800766E-009      3.693551E-010      4.229318E-010      2.310481E-015      3.099157E-010      1.628430E-008      0.000000E+000      0.000000E+000      2.922368E-009      0.000000E+000      6.324157E-010      0.000000E+000      5.787640E-010      0.000000E+000      3.159770E-011      0.000000E+000      1.533185E-010      0.000000E+000      1.165503E-008      0.000000E+000      6.579428E-010      0.000000E+000      1.640975E-011
  2.60000E+002  2.59848E+002  1.48997E+002  1.41203E+002  2.59348E+002  2.59848E+002         DBH      9.553066E-002      7.574283E-006      5.654208E-002      1.940025E-010      2.954722E-010      1.659512E-008      4.148763E-010      4.251318E-008      1.083710E-011      4.117573E-008      1.714127E-011      9.153383E-011      3.084397E-012      8.716205E-009      2.193716E-011      7.050586E-010      2.198708E-010      3.221364E-009      4.248179E-010      4.864369E-010      1.606073E-015      3.562814E-010      1.895934E-008      0.000000E+000      0.000000E+000      3.381846E-009      0.000000E+000      7.318489E-010      0.000000E+000      6.697618E-010      0.000000E+000      3.656574E-011      0.000000E+000      1.774245E-010      0.000000E+000      1.348753E-008      0.000000E+000      7.613897E-010      0.000000E+000      1.898981E-011
  2.70000E+002  2.69827E+002  1.54401E+002  1.46971E+002  2.69327E+002  2.69827E+002         DBH      1.091169E-001      8.691660E-006      6.405300E-002      2.351961E-010      4.062248E-010      1.902394E-008      4.590316E-010      4.823298E-008      1.240325E-011      4.693706E-008      1.946623E-011      1.047260E-010      3.516098E-012      9.938641E-009      2.500936E-011      8.044561E-010      2.506654E-010      3.672504E-009      4.843279E-010      5.545859E-010      5.793426E-015      4.067219E-010      2.156071E-008      0.000000E+000      0.000000E+000      3.850960E-009      0.000000E+000      8.333675E-010      0.000000E+000      7.626679E-010      0.000000E+000      4.163796E-011      0.000000E+000      2.020359E-010      0.000000E+000      1.535845E-008      0.000000E+000      8.670060E-010      0.000000E+000      2.162399E-011
  2.80000E+002  2.79794E+002  1.60572E+002  1.52807E+002  2.79294E+002  2.79794E+002         DBH      1.309024E-001      1.087536E-005      7.502513E-002      2.893696E-010      5.212798E-010      2.363281E-008      5.300493E-010      5.414374E-008      1.546838E-011      5.814693E-008      2.401285E-011      1.300015E-010      4.357162E-012      1.231503E-008      3.099279E-011      9.964670E-010      3.105666E-010      4.551142E-009      6.001897E-010      6.872482E-010      3.955889E-015      5.035636E-010      2.458301E-008      0.000000E+000      0.000000E+000      4.579256E-009      0.000000E+000      9.909746E-010      0.000000E+000      9.069043E-010      0.000000E+000      4.951256E-011      0.000000E+000      2.402451E-010      0.000000E+000      1.826305E-008      0.000000E+000      1.030975E-009      0.000000E+000      2.571354E-011
  2.90000E+002  2.89774E+002  1.67462E+002  1.58988E+002  2.89274E+002  2.89774E+002         DBH      1.430650E-001      1.146360E-005      8.300490E-002      2.170812E-010      4.117093E-010      2.497945E-008      5.723714E-010      6.278655E-008      1.645367E-011      6.131900E-008      2.534347E-011      1.372179E-010      4.593903E-012      1.298675E-008      3.267748E-011      1.051457E-009      3.274924E-010      4.798531E-009      6.328353E-010      7.246367E-010      9.367525E-015      5.315822E-010      2.812045E-008      0.000000E+000      0.000000E+000      5.027258E-009      0.000000E+000      1.087925E-009      0.000000E+000      9.956294E-010      0.000000E+000      5.435652E-011      0.000000E+000      2.637490E-010      0.000000E+000      2.004978E-008      0.000000E+000      1.131838E-009      0.000000E+000      2.822917E-011
  3.00000E+002  2.99739E+002  1.73026E+002  1.64904E+002  2.99239E+002  2.99739E+002         DBH      1.650388E-001      1.348088E-005      9.609059E-002      3.773648E-010      6.893588E-010      2.927595E-008      6.343638E-010      7.132061E-008      1.919180E-011      7.167119E-008      2.955893E-011      1.606037E-010      5.369951E-012      1.517845E-008      3.819866E-011      1.228251E-009      3.827301E-010      5.609292E-009      7.397364E-010      8.470353E-010      5.229019E-015      6.206351E-010      3.210461E-008      0.000000E+000      0.000000E+000      5.806936E-009      0.000000E+000      1.256651E-009      0.000000E+000      1.150042E-009      0.000000E+000      6.278668E-011      0.000000E+000      3.046538E-010      0.000000E+000      2.315930E-008      0.000000E+000      1.307375E-009      0.000000E+000      3.260723E-011
  3.50000E+002  3.49527E+002  2.03921E+002  1.93919E+002  3.49027E+002  3.49527E+002         DBH      3.025014E-001      2.532383E-005      1.708310E-001      5.334833E-010      1.091963E-009      5.468272E-008      1.068408E-009      1.245101E-007      3.599888E-011      1.332793E-007      5.472148E-011      2.993885E-010      9.989260E-012      2.823570E-008      7.106084E-011      2.284752E-009      7.118964E-010      1.043495E-008      1.376123E-009      1.575723E-009      8.122591E-015      1.154217E-009      5.665303E-008      0.000000E+000      0.000000E+000      1.052535E-008      0.000000E+000      2.277739E-009      0.000000E+000      2.084505E-009      0.000000E+000      1.138038E-010      0.000000E+000      5.521995E-010      0.000000E+000      4.197733E-008      0.000000E+000      2.369679E-009      0.000000E+000      5.910215E-011
  4.00000E+002  3.99247E+002  2.34435E+002  2.23383E+002  3.98747E+002  3.99247E+002         DBH      4.795655E-001      4.082997E-005      2.731406E-001      8.153902E-010      2.011369E-009      8.763879E-008      1.600777E-009      1.962359E-007      5.838750E-011      2.131758E-007      8.736692E-011      4.792457E-010      1.597967E-011      4.516349E-008      1.136765E-010      3.653033E-009      1.138662E-009      1.669286E-008      2.201346E-009      2.520629E-009      9.812349E-016      1.845124E-009      8.953696E-008      0.000000E+000      0.000000E+000      1.673794E-008      0.000000E+000      3.622177E-009      0.000000E+000      3.314886E-009      0.000000E+000      1.809767E-010      0.000000E+000      8.781360E-010      0.000000E+000      6.675450E-008      0.000000E+000      3.768385E-009      0.000000E+000      9.398727E-011
  4.50000E+002  4.48932E+002  2.63848E+002  2.53074E+002  4.48432E+002  4.48932E+002         DBH      6.895777E-001      5.873757E-005      3.781768E-001      6.545968E-010      2.480636E-009      1.254035E-007      2.153272E-009      2.755447E-007      8.403072E-011      3.042765E-007      1.245260E-010      6.845575E-010      2.281124E-011      6.449233E-008      1.622776E-010      5.222158E-009      1.625853E-009      2.382968E-008      3.142686E-009      3.598498E-009      4.573849E-014      2.637663E-009      1.260931E-007      0.000000E+000      0.000000E+000      2.374222E-008      0.000000E+000      5.137940E-009      0.000000E+000      4.702057E-009      0.000000E+000      2.567095E-010      0.000000E+000      1.245607E-009      0.000000E+000      9.468907E-008      0.000000E+000      5.345330E-009      0.000000E+000      1.333178E-010
  5.00000E+002  4.98487E+002  2.94706E+002  2.83189E+002  4.97987E+002  4.98487E+002         DBH      9.823699E-001      8.474481E-005      5.306715E-001      7.839719E-010      3.301805E-009      1.802843E-007      3.000868E-009      3.822399E-007      1.216668E-010      4.371278E-007      1.786886E-010      9.837785E-010      3.277555E-011      9.267437E-008      2.331643E-010      7.507210E-009      2.336224E-009      3.423902E-008      4.515578E-009      5.170484E-009      8.838768E-014      3.791131E-009      1.759361E-007      0.000000E+000      0.000000E+000      3.364268E-008      0.000000E+000      7.280448E-009      0.000000E+000      6.662804E-009      0.000000E+000      3.637567E-010      0.000000E+000      1.765022E-009      0.000000E+000      1.341742E-007      0.000000E+000      7.574321E-009      0.000000E+000      1.889111E-010
  5.50000E+002  5.47913E+002  3.24802E+002  3.12757E+002  5.47413E+002  5.47913E+002         DBH      1.347483E+000      1.137628E-004      7.394401E-001      8.118525E-010      4.458284E-009      2.417338E-007      4.088830E-009      5.498867E-007      1.650947E-010      5.864164E-007      2.406854E-010      1.316863E-009      4.395955E-011      1.243177E-007      3.127610E-010      1.007239E-008      3.133979E-009      4.592732E-008      6.057131E-009      6.935599E-009      1.354599E-013      5.085775E-009      2.501313E-007      0.000000E+000      0.000000E+000      4.640413E-008      0.000000E+000      1.004209E-008      0.000000E+000      9.190162E-009      0.000000E+000      5.017381E-010      0.000000E+000      2.434536E-009      0.000000E+000      1.850696E-007      0.000000E+000      1.044744E-008      0.000000E+000      2.605695E-010
  6.00000E+002  5.97553E+002  3.52425E+002  3.38476E+002  5.97053E+002  5.97553E+002         DBH      1.638652E+000      1.478572E-004      8.082539E-001      6.076470E-010      4.760685E-009      3.128657E-007      4.979505E-009      5.449783E-007      2.125443E-010      7.615621E-007      3.121130E-010      1.708794E-009      5.711476E-011      1.615411E-007      4.064059E-010      1.308842E-008      4.072444E-009      5.967866E-008      7.870724E-009      9.012202E-009      1.822347E-013      6.607753E-009      2.596548E-007      0.000000E+000      0.000000E+000      5.439957E-008      0.000000E+000      1.177235E-008      0.000000E+000      1.077363E-008      0.000000E+000      5.881877E-010      0.000000E+000      2.854007E-009      0.000000E+000      2.169571E-007      0.000000E+000      1.224753E-008      0.000000E+000      3.054656E-010
  6.50000E+002  6.46491E+002  3.85707E+002  3.72431E+002  6.45991E+002  6.46491E+002         DBH      2.325532E+000      2.076466E-004      1.183076E+000      8.778208E-010      4.839846E-009      4.393586E-007      7.003347E-009      8.119047E-007      3.008129E-010      1.069896E-006      4.392572E-010      2.398450E-009      8.011871E-011      2.268908E-007      5.706962E-010      1.836803E-008      5.721345E-009      8.383935E-008      1.105645E-008      1.266049E-008      1.832946E-013      9.274986E-009      3.824327E-007      0.000000E+000      0.000000E+000      7.800705E-008      0.000000E+000      1.688113E-008      0.000000E+000      1.544900E-008      0.000000E+000      8.434403E-010      0.000000E+000      4.092545E-009      0.000000E+000      3.111088E-007      0.000000E+000      1.756253E-008      0.000000E+000      4.380269E-010
  7.00000E+002  6.95363E+002  4.08906E+002  3.85350E+002  6.94863E+002  6.95363E+002         DBH      3.079719E+000      2.442819E-004      1.557358E+000      6.102749E-010      1.686522E-012      5.189742E-007      9.033066E-009      1.278931E-006      3.628484E-010      1.261688E-006      5.226391E-010      2.820451E-009      9.420900E-011      2.674822E-007      6.720660E-010      2.166358E-008      6.748097E-009      9.882352E-008      1.303194E-008      1.492390E-008      7.676067E-013      1.093764E-008      5.742149E-007      0.000000E+000      0.000000E+000      1.030947E-007      0.000000E+000      2.231022E-008      0.000000E+000      2.041751E-008      0.000000E+000      1.114697E-009      0.000000E+000      5.408737E-009      0.000000E+000      4.111637E-007      0.000000E+000      2.321077E-008      0.000000E+000      5.788995E-010
  7.50000E+002  7.45705E+002  4.41356E+002  4.17298E+002  7.45205E+002  7.45705E+002         DBH      2.996145E+000      2.811808E-004      1.298595E+000      7.529114E-010      3.490734E-009      5.935127E-007      9.029946E-009      8.024328E-007      4.029981E-010      1.452257E-006      5.977925E-010      3.246862E-009      1.085975E-010      3.081623E-007      7.747601E-010      2.494839E-008      7.772739E-009      1.138670E-007      1.501607E-008      1.719523E-008      3.694505E-013      1.259695E-008      4.032037E-007      0.000000E+000      0.000000E+000      9.546197E-008      0.000000E+000      2.065846E-008      0.000000E+000      1.890588E-008      0.000000E+000      1.032169E-009      0.000000E+000      5.008297E-009      0.000000E+000      3.807228E-007      0.000000E+000      2.149233E-008      0.000000E+000      5.360401E-010
  8.00000E+002  7.94044E+002  4.76387E+002  4.59757E+002  7.93544E+002  7.94044E+002         DBH      3.945695E+000      3.373187E-004      2.010162E+000      1.175592E-009      6.840082E-009      7.152743E-007      1.206977E-008      1.467751E-006      4.931870E-010      1.754538E-006      7.339934E-010      3.893406E-009      1.304762E-010      3.722535E-007      9.302113E-010      3.011541E-008      9.402254E-009      1.375720E-007      1.813718E-008      2.077723E-008      1.213128E-012      1.521248E-008      6.765646E-007      0.000000E+000      0.000000E+000      1.324168E-007      0.000000E+000      2.865569E-008      0.000000E+000      2.622465E-008      0.000000E+000      1.431739E-009      0.000000E+000      6.947089E-009      0.000000E+000      5.281067E-007      0.000000E+000      2.981236E-008      0.000000E+000      7.435499E-010
  9.00000E+002  8.92052E+002  5.32690E+002  5.14411E+002  8.91552E+002  8.92052E+002         DBH      5.339867E+000      4.650699E-004      2.607903E+000      1.399843E-009      5.816085E-009      9.853078E-007      1.627910E-008      1.861605E-006      6.783638E-010      2.410302E-006      1.000755E-009      5.368344E-009      1.799842E-010      5.112367E-007      1.285110E-009      4.138947E-008      1.289622E-008      1.889011E-007      2.491091E-008      2.852636E-008      6.899008E-013      2.089629E-008      8.719522E-007      0.000000E+000      0.000000E+000      1.766916E-007      0.000000E+000      3.823698E-008      0.000000E+000      3.499311E-008      0.000000E+000      1.910453E-009      0.000000E+000      9.269911E-009      0.000000E+000      7.046840E-007      0.000000E+000      3.978040E-008      0.000000E+000      9.921625E-010
  1.00000E+003  9.89948E+002  5.93161E+002  5.67882E+002  9.89448E+002  9.89948E+002         DBH      6.851843E+000      5.968041E-004      3.199401E+000      1.676576E-009      4.353698E-009      1.265217E-006      2.120774E-008      2.291795E-006      8.691559E-010      3.092715E-006      1.283257E-009      6.888962E-009      2.306886E-010      6.562888E-007      1.647537E-009      5.319395E-008      1.655518E-008      2.424183E-007      3.196964E-008      3.660991E-008      1.583365E-012      2.683690E-008      1.081869E-006      0.000000E+000      0.000000E+000      2.234397E-007      0.000000E+000      4.835350E-008      0.000000E+000      4.425138E-008      0.000000E+000      2.415910E-009      0.000000E+000      1.172249E-008      0.000000E+000      8.911253E-007      0.000000E+000      5.030527E-008      0.000000E+000      1.254663E-009
  1.25000E+003  1.23411E+003  7.38898E+002  6.90805E+002  1.23361E+003  1.23411E+003         DBH      1.133926E+001      1.015571E-003      4.545152E+000      2.689577E-009      6.761145E-010      2.150715E-006      3.514694E-008      3.094845E-006      1.464307E-009      5.282213E-006      2.202207E-009      1.172468E-008      3.930419E-010      1.121239E-006      2.810651E-009      9.081123E-008      2.829415E-008      4.142419E-007      5.462479E-008      6.255823E-008      2.996026E-012      4.582921E-008      1.530199E-006      0.000000E+000      0.000000E+000      3.530316E-007      0.000000E+000      7.639786E-008      0.000000E+000      6.991657E-008      0.000000E+000      3.817105E-009      0.000000E+000      1.852137E-008      0.000000E+000      1.407966E-006      0.000000E+000      7.948162E-008      0.000000E+000      1.982350E-009
  1.50000E+003  1.47215E+003  8.95827E+002  8.56455E+002  1.47165E+003  1.47215E+003         DBH      1.907306E+001      1.534933E-003      8.776084E+000      3.944002E-009      1.415236E-009      3.274905E-006      6.187480E-008      7.105508E-006      2.263209E-009      8.010594E-006      3.376811E-009      1.771764E-008      5.930455E-010      1.700838E-006      4.228362E-009      1.378207E-007      4.296465E-008      6.282841E-007      8.283012E-008      9.489458E-008      1.144869E-011      6.952804E-008      3.247106E-006      0.000000E+000      0.000000E+000      6.190712E-007      0.000000E+000      1.339702E-007      0.000000E+000      1.226047E-007      0.000000E+000      6.693621E-009      0.000000E+000      3.247882E-008      0.000000E+000      2.468988E-006      0.000000E+000      1.393779E-007      0.000000E+000      3.476222E-009
  1.75000E+003  1.71332E+003  1.03858E+003  9.74269E+002  1.71282E+003  1.71332E+003         DBH      2.603996E+001      2.124604E-003      1.063857E+001      5.300085E-009      2.446396E-010      4.531013E-006      8.453064E-008      8.558589E-006      3.106536E-009      1.116334E-005      4.757210E-009      2.453037E-008      8.250038E-010      2.377653E-006      5.911337E-009      1.928457E-007      6.017296E-008      8.779993E-007      1.156541E-007      1.326291E-007      5.158374E-011      9.728377E-008      3.982727E-006      0.000000E+000      0.000000E+000      8.151996E-007      0.000000E+000      1.764134E-007      0.000000E+000      1.614472E-007      0.000000E+000      8.814232E-009      0.000000E+000      4.276846E-008      0.000000E+000      3.251191E-006      0.000000E+000      1.835343E-007      0.000000E+000      4.577526E-009
