# Initial composition Z = 0.000001
# 0.00000E+000  0.00000E+000  0.00000E+000  0.00000E+000      7.514600E-001      2.248800E-005      2.484800E-001      2.720200E-009      1.084700E-014      1.798200E-007      2.179000E-009      4.851100E-008      1.193000E-010      4.399700E-007      1.775900E-010      9.922900E-010      3.305100E-011      9.341600E-008      2.351300E-010      7.555700E-009      2.355100E-009      3.452800E-008      4.553300E-009      5.213700E-009      0.000000E+000      3.816300E-009      4.774800E-008      2.236200E-009      4.281200E-010      2.221800E-008      5.372600E-010      4.808000E-009      2.414200E-010      4.400100E-009      3.187600E-012      2.402200E-010      2.440900E-011      1.165600E-009      6.463200E-010      8.860900E-008      2.349300E-010      5.002100E-009      4.939400E-011      1.247600E-010
# winds ejecta
           Min          Mfin          M_HE          M_CO                  H                HE3                HE4                LI7                BE7                C12                C13                N14                N15                O16                O17                O18                F19               NE20               NE21               NE22               NA23               MG24               MG25               MG26               AL26               AL27               SI28               SI29                  P                  S                 CL                 AR                  K                 CA                 SC                 TI                  V                 CR                 MN                 FE                 CO                 NI                 CU                 ZN
  1.40000E+001  1.39999E+001  4.53513E+000  2.79632E+000      7.656880E-005      8.688329E-009      2.536934E-005      2.602579E-013      1.823443E-020      1.818958E-011      2.230948E-013      5.290995E-012      1.206654E-014      4.464639E-011      2.005107E-014      1.004053E-013      3.350356E-015      9.504455E-012      2.467391E-014      7.655157E-013      2.447079E-013      3.516509E-012      4.623929E-013      5.311744E-013      5.620811E-018      3.891516E-013      4.900258E-012      0.000000E+000      0.000000E+000      2.265023E-012      0.000000E+000      4.901628E-013      0.000000E+000      4.485793E-013      0.000000E+000      2.449025E-014      0.000000E+000      1.188317E-013      0.000000E+000      9.033398E-012      0.000000E+000      5.099480E-013      0.000000E+000      1.271861E-014
  1.60000E+001  1.59998E+001  5.38378E+000  3.49866E+000      1.220334E-004      1.394704E-008      4.035282E-005      4.083489E-013      2.992735E-022      2.920024E-011      3.540388E-013      7.880234E-012      1.937215E-014      7.145124E-011      2.886368E-014      1.611415E-013      5.367540E-015      1.517071E-011      3.818507E-014      1.227037E-012      3.824832E-013      5.607297E-012      7.394523E-013      8.467025E-013      6.125374E-023      6.197650E-013      7.754329E-012      0.000000E+000      0.000000E+000      3.608146E-012      0.000000E+000      7.808215E-013      0.000000E+000      7.145798E-013      0.000000E+000      3.901258E-014      0.000000E+000      1.892970E-013      0.000000E+000      1.439006E-011      0.000000E+000      8.123391E-013      0.000000E+000      2.026054E-014
  1.80000E+001  1.79998E+001  6.30923E+000  4.31129E+000      1.806564E-004      2.064805E-008      5.973772E-005      5.870140E-013      6.243206E-022      4.323027E-011      5.238595E-013      1.166289E-011      2.868141E-014      1.057755E-010      4.269602E-014      2.385623E-013      7.946067E-015      2.245850E-011      5.652859E-014      1.816509E-012      5.661999E-013      8.300960E-012      1.094674E-012      1.253446E-012      0.000000E+000      9.174909E-013      1.147940E-011      0.000000E+000      0.000000E+000      5.341447E-012      0.000000E+000      1.155917E-012      0.000000E+000      1.057853E-012      0.000000E+000      5.775364E-014      0.000000E+000      2.802325E-013      0.000000E+000      2.130283E-011      0.000000E+000      1.202575E-012      0.000000E+000      2.999341E-014
  2.00000E+001  1.99997E+001  7.30426E+000  5.15243E+000      2.494011E-004      2.850449E-008      8.246955E-005      7.808181E-013      1.137642E-021      5.968057E-011      7.232023E-013      1.610094E-011      3.959547E-014      1.460259E-010      5.894302E-014      3.293418E-013      1.096976E-014      3.100457E-011      7.803926E-014      2.507741E-012      7.816544E-013      1.145970E-011      1.511228E-012      1.730416E-012      0.000000E+000      1.266621E-012      1.584762E-011      0.000000E+000      0.000000E+000      7.374013E-012      0.000000E+000      1.595775E-012      0.000000E+000      1.460395E-012      0.000000E+000      7.973048E-014      0.000000E+000      3.868687E-013      0.000000E+000      2.940914E-011      0.000000E+000      1.660187E-012      0.000000E+000      4.140672E-014
  2.20000E+001  2.19996E+001  8.38479E+000  6.07358E+000      3.282946E-004      3.752048E-008      1.085573E-004      9.842260E-013      1.804549E-021      7.855945E-011      9.519744E-013      2.119419E-011      5.212079E-014      1.922186E-010      7.758859E-014      4.335232E-013      1.443985E-014      4.081232E-011      1.027256E-013      3.301020E-012      1.028917E-012      1.508477E-011      1.989278E-012      2.277802E-012      0.000000E+000      1.667294E-012      2.086073E-011      0.000000E+000      0.000000E+000      9.706650E-012      0.000000E+000      2.100569E-012      0.000000E+000      1.922365E-012      0.000000E+000      1.049518E-013      0.000000E+000      5.092476E-013      0.000000E+000      3.871220E-011      0.000000E+000      2.185358E-012      0.000000E+000      5.450499E-014
  2.40000E+001  2.39995E+001  9.45793E+000  7.04564E+000      4.133136E-004      4.723603E-008      1.366706E-004      1.176673E-012      2.768632E-021      9.890410E-011      1.198509E-012      2.668287E-011      6.561859E-014      2.419977E-010      9.768182E-014      5.457933E-013      1.817936E-014      5.138154E-011      1.293286E-013      4.155890E-012      1.295377E-012      1.899130E-011      2.504444E-012      2.867688E-012      0.000000E+000      2.099076E-012      2.626306E-011      0.000000E+000      0.000000E+000      1.222040E-011      0.000000E+000      2.644557E-012      0.000000E+000      2.420203E-012      0.000000E+000      1.321313E-013      0.000000E+000      6.411282E-013      0.000000E+000      4.873756E-011      0.000000E+000      2.751303E-012      0.000000E+000      6.862023E-014
  2.60000E+001  2.59993E+001  1.05369E+001  8.05668E+000      5.053615E-004      5.775445E-008      1.671081E-004      1.367287E-012      3.996461E-021      1.209308E-010      1.465425E-012      3.262535E-011      8.023233E-014      2.958924E-010      1.194363E-013      6.673454E-013      2.222803E-014      6.282459E-011      1.581310E-013      5.081436E-012      1.583867E-012      2.322080E-011      3.062202E-012      3.506343E-012      0.000000E+000      2.566555E-012      3.211204E-011      0.000000E+000      0.000000E+000      1.494197E-011      0.000000E+000      3.233519E-012      0.000000E+000      2.959200E-012      0.000000E+000      1.615579E-013      0.000000E+000      7.839122E-013      0.000000E+000      5.959176E-011      0.000000E+000      3.364038E-012      0.000000E+000      8.390245E-014
  2.80000E+001  2.79992E+001  1.16270E+001  8.97867E+000      6.059629E-004      6.925002E-008      2.003740E-004      1.534626E-012      5.494667E-021      1.450042E-010      1.757145E-012      3.912001E-011      9.620402E-014      3.547951E-010      1.432122E-013      8.001926E-013      2.665293E-014      7.533095E-011      1.896098E-013      6.092988E-012      1.899164E-012      2.784332E-011      3.671788E-012      4.204344E-012      0.000000E+000      3.077475E-012      3.850452E-011      0.000000E+000      0.000000E+000      1.791643E-011      0.000000E+000      3.877209E-012      0.000000E+000      3.548282E-012      0.000000E+000      1.937189E-013      0.000000E+000      9.399640E-013      0.000000E+000      7.145458E-011      0.000000E+000      4.033711E-012      0.000000E+000      1.006047E-013
  3.00000E+001  2.99991E+001  1.27546E+001  1.00876E+001      7.089390E-004      8.101642E-008      2.344251E-004      1.674891E-012      7.264319E-021      1.696459E-010      2.055750E-012      4.576798E-011      1.125527E-013      4.150882E-010      1.675494E-013      9.361757E-013      3.118227E-014      8.813254E-011      2.218317E-013      7.128418E-012      2.221904E-012      3.257496E-011      4.295765E-012      4.918822E-012      2.726321E-042      3.600454E-012      4.504790E-011      0.000000E+000      0.000000E+000      2.096112E-011      0.000000E+000      4.536094E-012      0.000000E+000      4.151270E-012      0.000000E+000      2.266391E-013      0.000000E+000      1.099700E-012      0.000000E+000      8.359742E-011      0.000000E+000      4.719192E-012      0.000000E+000      1.177013E-013
  3.50000E+001  3.49987E+001  1.54366E+001  1.26937E+001      9.782418E-004      1.114131E-007      3.239205E-004      1.908567E-012      1.423515E-017      2.333854E-010      2.851988E-012      6.499909E-011      1.547798E-013      5.719071E-010      2.363628E-013      1.288110E-012      4.294551E-014      1.215152E-010      3.060455E-013      9.816348E-012      3.088419E-012      4.491797E-011      5.919361E-012      6.781074E-012      6.502590E-016      4.969686E-012      6.245263E-011      0.000000E+000      0.000000E+000      2.893349E-011      0.000000E+000      6.261358E-012      0.000000E+000      5.730169E-012      0.000000E+000      3.128393E-013      0.000000E+000      1.517961E-012      0.000000E+000      1.153930E-010      0.000000E+000      6.514095E-012      0.000000E+000      1.624680E-013
  4.00000E+001  3.99982E+001  1.81536E+001  1.52504E+001      1.331325E-003      1.490814E-007      4.444944E-004      2.030064E-012      6.163381E-018      3.128157E-010      3.984872E-012      1.022831E-010      2.071332E-013      7.715421E-010      3.438039E-013      1.727619E-012      5.785856E-014      1.645770E-010      4.141609E-013      1.321847E-011      4.290800E-012      6.084335E-011      7.989481E-012      9.191959E-012      1.054925E-014      6.745702E-012      8.754759E-011      0.000000E+000      0.000000E+000      3.945832E-011      0.000000E+000      8.538986E-012      0.000000E+000      7.814572E-012      0.000000E+000      4.266376E-013      0.000000E+000      2.070133E-012      0.000000E+000      1.573682E-010      0.000000E+000      8.883658E-012      0.000000E+000      2.215672E-013
  5.00000E+001  4.99964E+001  2.29623E+001  2.10425E+001      2.608768E-003      2.354970E-007      9.850438E-004      1.960877E-012      5.862000E-013      5.039824E-010      9.435085E-012      5.386547E-010      3.298680E-013      1.353639E-009      1.154797E-012      2.796886E-012      9.838457E-014      3.011847E-010      7.783422E-013      2.234234E-011      9.815011E-012      1.113614E-010      1.429114E-011      1.712965E-011      8.022099E-014      1.232510E-011      2.449596E-010      0.000000E+000      0.000000E+000      7.986584E-011      0.000000E+000      1.728337E-011      0.000000E+000      1.581713E-011      0.000000E+000      8.635383E-013      0.000000E+000      4.190067E-012      0.000000E+000      3.185221E-010      0.000000E+000      1.798102E-011      0.000000E+000      4.484645E-013
  6.00000E+001  5.99930E+001  2.50364E+001  2.25961E+001      4.748896E-003      3.426653E-007      2.217200E-003      1.773868E-012      1.068872E-011      2.205437E-007      2.826351E-007      4.050682E-007      7.615231E-012      1.641099E-006      1.534180E-009      4.861855E-012      1.865907E-013      4.465850E-009      1.387634E-012      4.018659E-011      1.784640E-011      2.362101E-010      2.761891E-011      2.890283E-011      5.414656E-014      2.045032E-011      6.533976E-010      0.000000E+000      0.000000E+000      1.549071E-010      0.000000E+000      3.352269E-011      0.000000E+000      3.067877E-011      0.000000E+000      1.674913E-012      0.000000E+000      8.127020E-012      0.000000E+000      6.178031E-010      0.000000E+000      3.487586E-011      0.000000E+000      8.698386E-013
  7.00000E+001  6.99881E+001  2.59259E+001  2.40494E+001      7.675733E-003      4.750279E-007      4.191180E-003      1.669306E-012      5.754701E-011      2.331776E-005      3.212400E-006      4.203270E-006      7.533838E-011      3.883802E-005      1.168528E-008      1.210162E-011      8.386822E-013      1.815170E-008      2.234118E-012      2.800610E-010      2.876907E-011      3.742775E-010      8.004975E-011      5.257642E-011      7.428918E-014      3.120883E-011      1.318375E-009      0.000000E+000      0.000000E+000      2.653982E-010      0.000000E+000      5.743354E-011      0.000000E+000      5.256109E-011      0.000000E+000      2.869582E-012      0.000000E+000      1.392379E-011      0.000000E+000      1.058464E-009      0.000000E+000      5.975178E-011      0.000000E+000      1.490270E-012
  8.00000E+001  7.99800E+001  2.88425E+001  2.63160E+001      1.226211E-002      6.477931E-007      7.461181E-003      1.639868E-012      1.062666E-010      9.716877E-005      1.224274E-005      1.162770E-005      2.060259E-010      1.184028E-004      2.950203E-008      2.272257E-011      2.096688E-012      3.612360E-008      3.384310E-012      1.210756E-009      4.023573E-011      5.790678E-010      2.010131E-010      9.640750E-011      8.180403E-014      4.538607E-011      2.559648E-009      0.000000E+000      0.000000E+000      4.439413E-010      0.000000E+000      9.607122E-011      0.000000E+000      8.792092E-011      0.000000E+000      4.800049E-012      0.000000E+000      2.329085E-011      0.000000E+000      1.770533E-009      0.000000E+000      9.994904E-011      0.000000E+000      2.492831E-012
  8.50000E+001  8.49745E+001  2.85897E+001  2.69018E+001      1.546733E-002      7.846425E-007      9.676434E-003      4.386573E-013      1.676374E-010      1.695264E-004      2.056061E-005      1.859403E-005      3.279913E-010      1.811930E-004      4.435510E-008      3.086710E-011      4.394579E-012      5.133395E-008      4.553384E-012      1.215249E-009      4.926524E-011      8.240623E-010      1.906251E-010      1.064474E-010      7.969885E-014      5.632278E-011      3.363983E-009      0.000000E+000      0.000000E+000      5.678430E-010      0.000000E+000      1.228844E-010      0.000000E+000      1.124592E-010      0.000000E+000      6.139732E-012      0.000000E+000      2.979122E-011      0.000000E+000      2.264681E-009      0.000000E+000      1.278444E-010      0.000000E+000      3.188565E-012
  9.00000E+001  8.99736E+001  4.32475E+001  3.78386E+001      1.678550E-002      8.942856E-007      9.620972E-003      5.180755E-012      4.801793E-011      2.077099E-009      8.597773E-011      8.383803E-009      1.290843E-012      7.061152E-009      9.386039E-012      1.171568E-011      4.892537E-013      1.504840E-009      3.820640E-012      1.098074E-010      5.038993E-011      5.562199E-010      7.319529E-011      8.412842E-011      2.108408E-014      6.147999E-011      3.310076E-009      0.000000E+000      0.000000E+000      5.871950E-010      0.000000E+000      1.270722E-010      0.000000E+000      1.162919E-010      0.000000E+000      6.348975E-012      0.000000E+000      3.080650E-011      0.000000E+000      2.341861E-009      0.000000E+000      1.322014E-010      0.000000E+000      3.297235E-012
  9.50000E+001  9.49704E+001  4.62474E+001  4.04264E+001      1.851909E-002      1.007910E-006      1.106074E-002      4.068548E-012      6.014006E-011      2.305145E-009      8.427533E-011      9.618485E-009      1.472721E-012      7.696363E-009      1.035753E-011      1.276528E-011      5.398701E-013      1.635711E-009      4.142764E-012      1.212166E-010      5.282749E-011      6.045895E-010      7.960998E-011      9.139940E-011      1.660638E-014      6.682548E-011      3.814553E-009      0.000000E+000      0.000000E+000      6.578062E-010      0.000000E+000      1.423526E-010      0.000000E+000      1.302759E-010      0.000000E+000      7.112439E-012      0.000000E+000      3.451098E-011      0.000000E+000      2.623470E-009      0.000000E+000      1.480988E-010      0.000000E+000      3.693725E-012
  1.00000E+002  9.99666E+001  4.99231E+001  4.41152E+001      2.064529E-002      1.057762E-006      1.275547E-002      4.878295E-012      6.590791E-011      2.471130E-009      1.075804E-010      1.131627E-008      1.551250E-012      8.329428E-009      1.129983E-011      1.395217E-011      5.920017E-013      1.765531E-009      4.461925E-012      1.327183E-010      5.505313E-011      6.525699E-010      8.597541E-011      9.861023E-011      1.159849E-014      7.212857E-011      4.480846E-009      0.000000E+000      0.000000E+000      7.428170E-010      0.000000E+000      1.607495E-010      0.000000E+000      1.471122E-010      0.000000E+000      8.031608E-012      0.000000E+000      3.897098E-011      0.000000E+000      2.962514E-009      0.000000E+000      1.672382E-010      0.000000E+000      4.171083E-012
  1.10000E+002  1.09966E+002  5.59484E+001  4.97798E+001      2.144286E-002      1.298491E-006      1.274666E-002      6.279197E-012      6.819179E-011      2.945984E-009      1.031879E-010      1.055300E-008      1.875597E-012      9.153226E-009      1.049834E-011      1.649535E-011      6.584538E-013      1.939863E-009      4.896649E-012      1.483575E-010      5.783916E-011      7.170039E-010      9.449119E-011      1.083232E-010      8.905533E-015      7.924988E-011      4.304389E-009      0.000000E+000      0.000000E+000      7.603143E-010      0.000000E+000      1.645360E-010      0.000000E+000      1.505774E-010      0.000000E+000      8.220794E-012      0.000000E+000      3.988895E-011      0.000000E+000      3.032298E-009      0.000000E+000      1.711775E-010      0.000000E+000      4.269336E-012
  1.20000E+002  1.19964E+002  6.21722E+001  5.57671E+001      2.200668E-002      1.241038E-006      1.404989E-002      8.538806E-012      9.275094E-011      2.856406E-009      1.122381E-010      1.215929E-008      1.815591E-012      8.812388E-009      9.441068E-012      1.600967E-011      6.462405E-013      1.862433E-009      4.693450E-012      1.455607E-010      5.226334E-011      6.883813E-010      9.075579E-011      1.039661E-010      3.674259E-015      7.608698E-011      4.930067E-009      0.000000E+000      0.000000E+000      8.019282E-010      0.000000E+000      1.735414E-010      0.000000E+000      1.588188E-010      0.000000E+000      8.670738E-012      0.000000E+000      4.207220E-011      0.000000E+000      3.198261E-009      0.000000E+000      1.805463E-010      0.000000E+000      4.503006E-012
  1.30000E+002  1.29966E+002  6.89742E+001  6.22157E+001      2.128344E-002      1.385479E-006      1.238990E-002      1.007602E-011      5.619466E-011      3.108136E-009      1.008206E-010      1.011440E-008      2.001433E-012      9.059091E-009      8.285576E-012      1.735322E-011      6.696622E-013      1.916257E-009      4.826986E-012      1.514137E-010      5.205223E-011      7.082752E-010      9.338745E-011      1.069629E-010      2.335887E-015      7.828468E-011      4.227091E-009      0.000000E+000      0.000000E+000      7.488124E-010      0.000000E+000      1.620468E-010      0.000000E+000      1.482994E-010      0.000000E+000      8.096427E-012      0.000000E+000      3.928552E-011      0.000000E+000      2.986423E-009      0.000000E+000      1.685877E-010      0.000000E+000      4.204746E-012
  1.40000E+002  1.39967E+002  7.54862E+001  6.86198E+001      2.060803E-002      1.313591E-006      1.231612E-002      1.119208E-011      5.419539E-011      2.966528E-009      1.002412E-010      1.027365E-008      1.902805E-012      8.515768E-009      6.841675E-012      1.656526E-011      6.334076E-013      1.800022E-009      4.532468E-012      1.434629E-010      4.760536E-011      6.653124E-010      8.773026E-011      1.004680E-010      1.077482E-015      7.353630E-011      4.289759E-009      0.000000E+000      0.000000E+000      7.321834E-010      0.000000E+000      1.584482E-010      0.000000E+000      1.450061E-010      0.000000E+000      7.916626E-012      0.000000E+000      3.841309E-011      0.000000E+000      2.920103E-009      0.000000E+000      1.648439E-010      0.000000E+000      4.111370E-012
  1.50000E+002  1.49963E+002  8.12181E+001  7.39905E+001      2.252396E-002      1.438954E-006      1.406986E-002      1.740542E-011      8.410486E-011      3.246879E-009      1.095363E-010      1.175339E-008      2.096790E-012      9.155384E-009      6.490465E-012      1.809127E-011      6.825266E-013      1.934445E-009      4.870261E-012      1.548448E-010      5.046166E-011      7.149969E-010      9.428459E-011      1.079684E-010      7.222707E-016      7.902757E-011      4.909214E-009      0.000000E+000      0.000000E+000      8.138511E-010      0.000000E+000      1.761216E-010      0.000000E+000      1.611801E-010      0.000000E+000      8.799653E-012      0.000000E+000      4.269772E-011      0.000000E+000      3.245812E-009      0.000000E+000      1.832307E-010      0.000000E+000      4.569954E-012
  1.60000E+002  1.59962E+002  8.75137E+001  8.04993E+001      2.348286E-002      1.550027E-006      1.441630E-002      2.869738E-011      9.018461E-011      3.480609E-009      1.130007E-010      1.189260E-008      2.253515E-012      9.644400E-009      6.057847E-012      1.937053E-011      7.203649E-013      2.038306E-009      5.131280E-012      1.636691E-010      5.263707E-011      7.533849E-010      9.934851E-011      1.137636E-010      4.661166E-016      8.327052E-011      5.010018E-009      0.000000E+000      0.000000E+000      8.428585E-010      0.000000E+000      1.823989E-010      0.000000E+000      1.669249E-010      0.000000E+000      9.113290E-012      0.000000E+000      4.421956E-011      0.000000E+000      3.361501E-009      0.000000E+000      1.897614E-010      0.000000E+000      4.732837E-012
  1.70000E+002  1.69959E+002  9.37818E+001  8.70655E+001      2.536193E-002      1.750785E-006      1.527894E-002      3.333060E-011      7.693094E-011      3.909958E-009      1.208015E-010      1.237758E-008      2.538873E-012      1.053360E-008      5.581145E-012      2.174599E-011      7.880546E-013      2.226775E-009      5.605232E-012      1.794060E-010      5.687505E-011      8.230427E-010      1.085361E-010      1.242808E-010      2.371834E-016      9.097385E-011      5.285022E-009      0.000000E+000      0.000000E+000      9.038061E-010      0.000000E+000      1.955883E-010      0.000000E+000      1.789954E-010      0.000000E+000      9.772278E-012      0.000000E+000      4.741709E-011      0.000000E+000      3.604573E-009      0.000000E+000      2.034831E-010      0.000000E+000      5.075072E-012
  1.80000E+002  1.79954E+002  9.96554E+001  9.23143E+001      2.883928E-002      2.032010E-006      1.763983E-002      5.264744E-011      1.072909E-010      4.525931E-009      1.365910E-010      1.418277E-008      2.938263E-012      1.194665E-008      5.732279E-012      2.513792E-011      8.941338E-013      2.525515E-009      6.356935E-012      2.038156E-010      6.415529E-011      9.334517E-010      1.230969E-010      1.409525E-010      1.949961E-016      1.031900E-010      6.089459E-009      0.000000E+000      0.000000E+000      1.033669E-009      0.000000E+000      2.236913E-010      0.000000E+000      2.047142E-010      0.000000E+000      1.117640E-011      0.000000E+000      5.423018E-011      0.000000E+000      4.122492E-009      0.000000E+000      2.327205E-010      0.000000E+000      5.804279E-012
  1.90000E+002  1.89945E+002  1.05751E+002  9.82761E+001      3.436402E-002      2.439194E-006      2.079490E-002      5.572774E-011      1.089750E-010      5.441182E-009      1.665078E-010      1.663812E-008      3.524503E-012      1.429862E-008      6.619746E-012      3.024675E-011      1.070560E-012      3.023403E-009      7.610077E-012      2.441273E-010      7.666641E-011      1.117475E-009      1.473648E-010      1.687401E-010      1.876343E-016      1.235318E-010      7.170626E-009      0.000000E+000      0.000000E+000      1.226682E-009      0.000000E+000      2.654602E-010      0.000000E+000      2.429396E-010      0.000000E+000      1.326332E-011      0.000000E+000      6.435637E-011      0.000000E+000      4.892269E-009      0.000000E+000      2.761754E-010      0.000000E+000      6.888089E-012
  2.00000E+002  1.99933E+002  1.11077E+002  1.03040E+002      4.120144E-002      2.910690E-006      2.573139E-002      5.266182E-011      1.711274E-010      6.500199E-009      1.983582E-010      2.074272E-008      4.206022E-012      1.686372E-008      7.548395E-012      3.606051E-011      1.262312E-012      3.565078E-009      8.973293E-012      2.880331E-010      9.023989E-011      1.317664E-009      1.737651E-010      1.989695E-010      2.958724E-016      1.456828E-010      8.922369E-009      0.000000E+000      0.000000E+000      1.488600E-009      0.000000E+000      3.221408E-010      0.000000E+000      2.948117E-010      0.000000E+000      1.609528E-011      0.000000E+000      7.809762E-011      0.000000E+000      5.936857E-009      0.000000E+000      3.351439E-010      0.000000E+000      8.358822E-012
  2.10000E+002  2.09928E+002  1.17990E+002  1.11129E+002      4.523868E-002      3.494653E-006      2.653806E-002      7.540868E-011      1.270911E-010      7.684464E-009      2.014542E-010      2.010322E-008      5.021970E-012      1.958189E-008      8.455411E-012      4.254958E-011      1.466756E-012      4.143301E-009      1.042842E-011      3.349264E-010      1.047101E-010      1.531351E-009      2.019456E-010      2.312376E-010      4.583339E-016      1.693351E-010      8.885977E-009      0.000000E+000      0.000000E+000      1.596170E-009      0.000000E+000      3.454195E-010      0.000000E+000      3.161155E-010      0.000000E+000      1.725837E-011      0.000000E+000      8.374114E-011      0.000000E+000      6.365869E-009      0.000000E+000      3.593622E-010      0.000000E+000      8.962850E-012
  2.20000E+002  2.19916E+002  1.23985E+002  1.16783E+002      5.312367E-002      4.163529E-006      3.125842E-002      1.099529E-010      1.755543E-010      9.143340E-009      2.357585E-010      2.342752E-008      5.966336E-012      2.311186E-008      9.827846E-012      5.059937E-011      1.731181E-012      4.890923E-009      1.230958E-011      3.955006E-010      1.235137E-010      1.807594E-009      2.383768E-010      2.729541E-010      9.772119E-016      1.999583E-010      1.040417E-008      0.000000E+000      0.000000E+000      1.876499E-009      0.000000E+000      4.060840E-010      0.000000E+000      3.716335E-010      0.000000E+000      2.028938E-011      0.000000E+000      9.844822E-011      0.000000E+000      7.483878E-009      0.000000E+000      4.224754E-010      0.000000E+000      1.053695E-011
  2.30000E+002  2.29902E+002  1.30050E+002  1.22809E+002      6.237001E-002      5.000869E-006      3.589855E-002      1.077970E-010      1.830382E-010      1.095759E-008      2.727025E-010      2.649453E-008      7.138843E-012      2.740119E-008      1.148618E-011      6.055605E-011      2.052650E-012      5.799974E-009      1.459758E-011      4.690974E-010      1.463682E-010      2.143579E-009      2.826847E-010      3.236882E-010      1.029133E-015      2.370970E-010      1.189420E-008      0.000000E+000      0.000000E+000      2.185231E-009      0.000000E+000      4.728952E-010      0.000000E+000      4.327767E-010      0.000000E+000      2.362750E-011      0.000000E+000      1.146455E-010      0.000000E+000      8.715168E-009      0.000000E+000      4.919834E-010      0.000000E+000      1.227056E-011
  2.40000E+002  2.39888E+002  1.37049E+002  1.29259E+002      7.038296E-002      5.341502E-006      4.204181E-002      1.439393E-010      1.848321E-010      1.178935E-008      3.188876E-010      3.277443E-008      7.679647E-012      2.953160E-008      1.241682E-011      6.519804E-011      2.211547E-012      6.252982E-009      1.572733E-011      5.067857E-010      1.578289E-010      2.309480E-009      3.045995E-010      3.488053E-010      1.048207E-014      2.569804E-010      1.442128E-008      0.000000E+000      0.000000E+000      2.500173E-009      0.000000E+000      5.410504E-010      0.000000E+000      4.951499E-010      0.000000E+000      2.703277E-011      0.000000E+000      1.311686E-010      0.000000E+000      9.971227E-009      0.000000E+000      5.628897E-010      0.000000E+000      1.403903E-011
  2.50000E+002  2.49869E+002  1.43321E+002  1.35270E+002      8.288263E-002      6.572930E-006      4.853095E-002      1.524910E-010      2.038677E-010      1.440110E-008      3.575823E-010      3.647446E-008      9.430688E-012      3.580103E-008      1.493248E-011      7.948043E-011      2.681745E-012      7.578588E-009      1.907293E-011      6.131262E-010      1.911932E-010      2.800766E-009      3.693551E-010      4.229318E-010      2.310481E-015      3.099157E-010      1.628430E-008      0.000000E+000      0.000000E+000      2.922368E-009      0.000000E+000      6.324157E-010      0.000000E+000      5.787640E-010      0.000000E+000      3.159770E-011      0.000000E+000      1.533185E-010      0.000000E+000      1.165503E-008      0.000000E+000      6.579428E-010      0.000000E+000      1.640975E-011
  2.60000E+002  2.59848E+002  1.48997E+002  1.41203E+002      9.553066E-002      7.574283E-006      5.654208E-002      1.940025E-010      2.954722E-010      1.659512E-008      4.148763E-010      4.251318E-008      1.083710E-011      4.117573E-008      1.714127E-011      9.153383E-011      3.084397E-012      8.716205E-009      2.193716E-011      7.050586E-010      2.198708E-010      3.221364E-009      4.248179E-010      4.864369E-010      1.606073E-015      3.562814E-010      1.895934E-008      0.000000E+000      0.000000E+000      3.381846E-009      0.000000E+000      7.318489E-010      0.000000E+000      6.697618E-010      0.000000E+000      3.656574E-011      0.000000E+000      1.774245E-010      0.000000E+000      1.348753E-008      0.000000E+000      7.613897E-010      0.000000E+000      1.898981E-011
  2.70000E+002  2.69827E+002  1.54401E+002  1.46971E+002      1.091169E-001      8.691660E-006      6.405300E-002      2.351961E-010      4.062248E-010      1.902394E-008      4.590316E-010      4.823298E-008      1.240325E-011      4.693706E-008      1.946623E-011      1.047260E-010      3.516098E-012      9.938641E-009      2.500936E-011      8.044561E-010      2.506654E-010      3.672504E-009      4.843279E-010      5.545859E-010      5.793426E-015      4.067219E-010      2.156071E-008      0.000000E+000      0.000000E+000      3.850960E-009      0.000000E+000      8.333675E-010      0.000000E+000      7.626679E-010      0.000000E+000      4.163796E-011      0.000000E+000      2.020359E-010      0.000000E+000      1.535845E-008      0.000000E+000      8.670060E-010      0.000000E+000      2.162399E-011
  2.80000E+002  2.79794E+002  1.60572E+002  1.52807E+002      1.309024E-001      1.087536E-005      7.502513E-002      2.893696E-010      5.212798E-010      2.363281E-008      5.300493E-010      5.414374E-008      1.546838E-011      5.814693E-008      2.401285E-011      1.300015E-010      4.357162E-012      1.231503E-008      3.099279E-011      9.964670E-010      3.105666E-010      4.551142E-009      6.001897E-010      6.872482E-010      3.955889E-015      5.035636E-010      2.458301E-008      0.000000E+000      0.000000E+000      4.579256E-009      0.000000E+000      9.909746E-010      0.000000E+000      9.069043E-010      0.000000E+000      4.951256E-011      0.000000E+000      2.402451E-010      0.000000E+000      1.826305E-008      0.000000E+000      1.030975E-009      0.000000E+000      2.571354E-011
  2.90000E+002  2.89774E+002  1.67462E+002  1.58988E+002      1.430650E-001      1.146360E-005      8.300490E-002      2.170812E-010      4.117093E-010      2.497945E-008      5.723714E-010      6.278655E-008      1.645367E-011      6.131900E-008      2.534347E-011      1.372179E-010      4.593903E-012      1.298675E-008      3.267748E-011      1.051457E-009      3.274924E-010      4.798531E-009      6.328353E-010      7.246367E-010      9.367525E-015      5.315822E-010      2.812045E-008      0.000000E+000      0.000000E+000      5.027258E-009      0.000000E+000      1.087925E-009      0.000000E+000      9.956294E-010      0.000000E+000      5.435652E-011      0.000000E+000      2.637490E-010      0.000000E+000      2.004978E-008      0.000000E+000      1.131838E-009      0.000000E+000      2.822917E-011
  3.00000E+002  2.99739E+002  1.73026E+002  1.64904E+002      1.650388E-001      1.348088E-005      9.609059E-002      3.773648E-010      6.893588E-010      2.927595E-008      6.343638E-010      7.132061E-008      1.919180E-011      7.167119E-008      2.955893E-011      1.606037E-010      5.369951E-012      1.517845E-008      3.819866E-011      1.228251E-009      3.827301E-010      5.609292E-009      7.397364E-010      8.470353E-010      5.229019E-015      6.206351E-010      3.210461E-008      0.000000E+000      0.000000E+000      5.806936E-009      0.000000E+000      1.256651E-009      0.000000E+000      1.150042E-009      0.000000E+000      6.278668E-011      0.000000E+000      3.046538E-010      0.000000E+000      2.315930E-008      0.000000E+000      1.307375E-009      0.000000E+000      3.260723E-011
  3.50000E+002  3.49527E+002  2.03921E+002  1.93919E+002      3.025014E-001      2.532383E-005      1.708310E-001      5.334833E-010      1.091963E-009      5.468272E-008      1.068408E-009      1.245101E-007      3.599888E-011      1.332793E-007      5.472148E-011      2.993885E-010      9.989260E-012      2.823570E-008      7.106084E-011      2.284752E-009      7.118964E-010      1.043495E-008      1.376123E-009      1.575723E-009      8.122591E-015      1.154217E-009      5.665303E-008      0.000000E+000      0.000000E+000      1.052535E-008      0.000000E+000      2.277739E-009      0.000000E+000      2.084505E-009      0.000000E+000      1.138038E-010      0.000000E+000      5.521995E-010      0.000000E+000      4.197733E-008      0.000000E+000      2.369679E-009      0.000000E+000      5.910215E-011
  4.00000E+002  3.99247E+002  2.34435E+002  2.23383E+002      4.795655E-001      4.082997E-005      2.731406E-001      8.153902E-010      2.011369E-009      8.763879E-008      1.600777E-009      1.962359E-007      5.838750E-011      2.131758E-007      8.736692E-011      4.792457E-010      1.597967E-011      4.516349E-008      1.136765E-010      3.653033E-009      1.138662E-009      1.669286E-008      2.201346E-009      2.520629E-009      9.812349E-016      1.845124E-009      8.953696E-008      0.000000E+000      0.000000E+000      1.673794E-008      0.000000E+000      3.622177E-009      0.000000E+000      3.314886E-009      0.000000E+000      1.809767E-010      0.000000E+000      8.781360E-010      0.000000E+000      6.675450E-008      0.000000E+000      3.768385E-009      0.000000E+000      9.398727E-011
  4.50000E+002  4.48932E+002  2.63848E+002  2.53074E+002      6.895777E-001      5.873757E-005      3.781768E-001      6.545968E-010      2.480636E-009      1.254035E-007      2.153272E-009      2.755447E-007      8.403072E-011      3.042765E-007      1.245260E-010      6.845575E-010      2.281124E-011      6.449233E-008      1.622776E-010      5.222158E-009      1.625853E-009      2.382968E-008      3.142686E-009      3.598498E-009      4.573849E-014      2.637663E-009      1.260931E-007      0.000000E+000      0.000000E+000      2.374222E-008      0.000000E+000      5.137940E-009      0.000000E+000      4.702057E-009      0.000000E+000      2.567095E-010      0.000000E+000      1.245607E-009      0.000000E+000      9.468907E-008      0.000000E+000      5.345330E-009      0.000000E+000      1.333178E-010
  5.00000E+002  4.98487E+002  2.94706E+002  2.83189E+002      9.823699E-001      8.474481E-005      5.306715E-001      7.839719E-010      3.301805E-009      1.802843E-007      3.000868E-009      3.822399E-007      1.216668E-010      4.371278E-007      1.786886E-010      9.837785E-010      3.277555E-011      9.267437E-008      2.331643E-010      7.507210E-009      2.336224E-009      3.423902E-008      4.515578E-009      5.170484E-009      8.838768E-014      3.791131E-009      1.759361E-007      0.000000E+000      0.000000E+000      3.364268E-008      0.000000E+000      7.280448E-009      0.000000E+000      6.662804E-009      0.000000E+000      3.637567E-010      0.000000E+000      1.765022E-009      0.000000E+000      1.341742E-007      0.000000E+000      7.574321E-009      0.000000E+000      1.889111E-010
  5.50000E+002  5.47913E+002  3.24802E+002  3.12757E+002      1.347483E+000      1.137628E-004      7.394401E-001      8.118525E-010      4.458284E-009      2.417338E-007      4.088830E-009      5.498867E-007      1.650947E-010      5.864164E-007      2.406854E-010      1.316863E-009      4.395955E-011      1.243177E-007      3.127610E-010      1.007239E-008      3.133979E-009      4.592732E-008      6.057131E-009      6.935599E-009      1.354599E-013      5.085775E-009      2.501313E-007      0.000000E+000      0.000000E+000      4.640413E-008      0.000000E+000      1.004209E-008      0.000000E+000      9.190162E-009      0.000000E+000      5.017381E-010      0.000000E+000      2.434536E-009      0.000000E+000      1.850696E-007      0.000000E+000      1.044744E-008      0.000000E+000      2.605695E-010
  6.00000E+002  5.97553E+002  3.52425E+002  3.38476E+002      1.638652E+000      1.478572E-004      8.082539E-001      6.076470E-010      4.760685E-009      3.128657E-007      4.979505E-009      5.449783E-007      2.125443E-010      7.615621E-007      3.121130E-010      1.708794E-009      5.711476E-011      1.615411E-007      4.064059E-010      1.308842E-008      4.072444E-009      5.967866E-008      7.870724E-009      9.012202E-009      1.822347E-013      6.607753E-009      2.596548E-007      0.000000E+000      0.000000E+000      5.439957E-008      0.000000E+000      1.177235E-008      0.000000E+000      1.077363E-008      0.000000E+000      5.881877E-010      0.000000E+000      2.854007E-009      0.000000E+000      2.169571E-007      0.000000E+000      1.224753E-008      0.000000E+000      3.054656E-010
  6.50000E+002  6.46491E+002  3.85707E+002  3.72431E+002      2.325532E+000      2.076466E-004      1.183076E+000      8.778208E-010      4.839846E-009      4.393586E-007      7.003347E-009      8.119047E-007      3.008129E-010      1.069896E-006      4.392572E-010      2.398450E-009      8.011871E-011      2.268908E-007      5.706962E-010      1.836803E-008      5.721345E-009      8.383935E-008      1.105645E-008      1.266049E-008      1.832946E-013      9.274986E-009      3.824327E-007      0.000000E+000      0.000000E+000      7.800705E-008      0.000000E+000      1.688113E-008      0.000000E+000      1.544900E-008      0.000000E+000      8.434403E-010      0.000000E+000      4.092545E-009      0.000000E+000      3.111088E-007      0.000000E+000      1.756253E-008      0.000000E+000      4.380269E-010
  7.00000E+002  6.95363E+002  4.08906E+002  3.85350E+002      3.079719E+000      2.442819E-004      1.557358E+000      6.102749E-010      1.686522E-012      5.189742E-007      9.033066E-009      1.278931E-006      3.628484E-010      1.261688E-006      5.226391E-010      2.820451E-009      9.420900E-011      2.674822E-007      6.720660E-010      2.166358E-008      6.748097E-009      9.882352E-008      1.303194E-008      1.492390E-008      7.676067E-013      1.093764E-008      5.742149E-007      0.000000E+000      0.000000E+000      1.030947E-007      0.000000E+000      2.231022E-008      0.000000E+000      2.041751E-008      0.000000E+000      1.114697E-009      0.000000E+000      5.408737E-009      0.000000E+000      4.111637E-007      0.000000E+000      2.321077E-008      0.000000E+000      5.788995E-010
  7.50000E+002  7.45705E+002  4.41356E+002  4.17298E+002      2.996145E+000      2.811808E-004      1.298595E+000      7.529114E-010      3.490734E-009      5.935127E-007      9.029946E-009      8.024328E-007      4.029981E-010      1.452257E-006      5.977925E-010      3.246862E-009      1.085975E-010      3.081623E-007      7.747601E-010      2.494839E-008      7.772739E-009      1.138670E-007      1.501607E-008      1.719523E-008      3.694505E-013      1.259695E-008      4.032037E-007      0.000000E+000      0.000000E+000      9.546197E-008      0.000000E+000      2.065846E-008      0.000000E+000      1.890588E-008      0.000000E+000      1.032169E-009      0.000000E+000      5.008297E-009      0.000000E+000      3.807228E-007      0.000000E+000      2.149233E-008      0.000000E+000      5.360401E-010
  8.00000E+002  7.94044E+002  4.76387E+002  4.59757E+002      3.945695E+000      3.373187E-004      2.010162E+000      1.175592E-009      6.840082E-009      7.152743E-007      1.206977E-008      1.467751E-006      4.931870E-010      1.754538E-006      7.339934E-010      3.893406E-009      1.304762E-010      3.722535E-007      9.302113E-010      3.011541E-008      9.402254E-009      1.375720E-007      1.813718E-008      2.077723E-008      1.213128E-012      1.521248E-008      6.765646E-007      0.000000E+000      0.000000E+000      1.324168E-007      0.000000E+000      2.865569E-008      0.000000E+000      2.622465E-008      0.000000E+000      1.431739E-009      0.000000E+000      6.947089E-009      0.000000E+000      5.281067E-007      0.000000E+000      2.981236E-008      0.000000E+000      7.435499E-010
  9.00000E+002  8.92052E+002  5.32690E+002  5.14411E+002      5.339867E+000      4.650699E-004      2.607903E+000      1.399843E-009      5.816085E-009      9.853078E-007      1.627910E-008      1.861605E-006      6.783638E-010      2.410302E-006      1.000755E-009      5.368344E-009      1.799842E-010      5.112367E-007      1.285110E-009      4.138947E-008      1.289622E-008      1.889011E-007      2.491091E-008      2.852636E-008      6.899008E-013      2.089629E-008      8.719522E-007      0.000000E+000      0.000000E+000      1.766916E-007      0.000000E+000      3.823698E-008      0.000000E+000      3.499311E-008      0.000000E+000      1.910453E-009      0.000000E+000      9.269911E-009      0.000000E+000      7.046840E-007      0.000000E+000      3.978040E-008      0.000000E+000      9.921625E-010
  1.00000E+003  9.89948E+002  5.93161E+002  5.67882E+002      6.851843E+000      5.968041E-004      3.199401E+000      1.676576E-009      4.353698E-009      1.265217E-006      2.120774E-008      2.291795E-006      8.691559E-010      3.092715E-006      1.283257E-009      6.888962E-009      2.306886E-010      6.562888E-007      1.647537E-009      5.319395E-008      1.655518E-008      2.424183E-007      3.196964E-008      3.660991E-008      1.583365E-012      2.683690E-008      1.081869E-006      0.000000E+000      0.000000E+000      2.234397E-007      0.000000E+000      4.835350E-008      0.000000E+000      4.425138E-008      0.000000E+000      2.415910E-009      0.000000E+000      1.172249E-008      0.000000E+000      8.911253E-007      0.000000E+000      5.030527E-008      0.000000E+000      1.254663E-009
  1.25000E+003  1.23411E+003  7.38898E+002  6.90805E+002      1.133926E+001      1.015571E-003      4.545152E+000      2.689577E-009      6.761145E-010      2.150715E-006      3.514694E-008      3.094845E-006      1.464307E-009      5.282213E-006      2.202207E-009      1.172468E-008      3.930419E-010      1.121239E-006      2.810651E-009      9.081123E-008      2.829415E-008      4.142419E-007      5.462479E-008      6.255823E-008      2.996026E-012      4.582921E-008      1.530199E-006      0.000000E+000      0.000000E+000      3.530316E-007      0.000000E+000      7.639786E-008      0.000000E+000      6.991657E-008      0.000000E+000      3.817105E-009      0.000000E+000      1.852137E-008      0.000000E+000      1.407966E-006      0.000000E+000      7.948162E-008      0.000000E+000      1.982350E-009
  1.50000E+003  1.47215E+003  8.95827E+002  8.56455E+002      1.907306E+001      1.534933E-003      8.776084E+000      3.944002E-009      1.415236E-009      3.274905E-006      6.187480E-008      7.105508E-006      2.263209E-009      8.010594E-006      3.376811E-009      1.771764E-008      5.930455E-010      1.700838E-006      4.228362E-009      1.378207E-007      4.296465E-008      6.282841E-007      8.283012E-008      9.489458E-008      1.144869E-011      6.952804E-008      3.247106E-006      0.000000E+000      0.000000E+000      6.190712E-007      0.000000E+000      1.339702E-007      0.000000E+000      1.226047E-007      0.000000E+000      6.693621E-009      0.000000E+000      3.247882E-008      0.000000E+000      2.468988E-006      0.000000E+000      1.393779E-007      0.000000E+000      3.476222E-009
  1.75000E+003  1.71332E+003  1.03858E+003  9.74269E+002      2.603996E+001      2.124604E-003      1.063857E+001      5.300085E-009      2.446396E-010      4.531013E-006      8.453064E-008      8.558589E-006      3.106536E-009      1.116334E-005      4.757210E-009      2.453037E-008      8.250038E-010      2.377653E-006      5.911337E-009      1.928457E-007      6.017296E-008      8.779993E-007      1.156541E-007      1.326291E-007      5.158374E-011      9.728377E-008      3.982727E-006      0.000000E+000      0.000000E+000      8.151996E-007      0.000000E+000      1.764134E-007      0.000000E+000      1.614472E-007      0.000000E+000      8.814232E-009      0.000000E+000      4.276846E-008      0.000000E+000      3.251191E-006      0.000000E+000      1.835343E-007      0.000000E+000      4.577526E-009
