  0  0  13  5.37  4.31 1.36  0.65 0.02 0.000  0.000  0.000 0.000 0.000 SNIIP
  0  0  15  5.67  4.63 1.43  0.95 0.12 0.000  0.000  0.000 0.000 0.000 SNIIP
  0  0  20  0.06  3.39 1.10  2.00 0.14 0.000  0.000  0.000 0.000 0.000 SNIb
  0  0  25  0.00  2.26 1.38  2.24 0.15 0.000  0.000  0.000 0.000 0.000 SNIb
  0  0  30  0.00  2.74 1.57  4.75 0.38 0.000  0.000  0.000 0.000 0.000 SNIb
  0  0  40  0.00  2.49 1.53  6.17 0.37 0.000  0.000  0.000 0.000 0.000 SNIb
  0  0  60  0.00  0.93 1.52  9.28 0.44 0.000  0.000  0.000 0.000 0.000 SNIb
  0  0  80  0.00  1.10 1.66 15.80 0.48 0.000  0.000  0.000 0.000 0.000 SNIb
  0  0 120  0.00  1.05 1.91 22.61 0.51 0.000  0.000  0.000 0.000 0.000 SNIb
150  0  13  0.00  0.86 1.63  1.70 0.26 0.053  0.216  0.511 0.042 0.067 SNIb
150  0  15  0.00  1.03 2.80  1.26 0.40 0.151  0.336  0.740 0.018 0.043 SNIb
150  0  20  0.00  0.59 1.85  3.30 0.37 0.057  0.503  1.087 0.040 0.066 SNIb
150  0  25  0.00  0.58 2.04  3.46 0.32 0.064  0.630  1.440 0.024 0.059 SNIb
150  0  30  0.00  0.57 1.61  3.98 0.24 0.046  0.894  1.968 0.040 0.064 SNIb
150  0  40  0.00  0.57 1.86  5.81 0.37 0.056  1.317  2.639 0.036 0.066 SNIb
150  0  60  0.00  0.51 1.92 11.73 0.51 0.055  2.479  4.578 0.037 0.058 SNIb
150  0  80  0.00  0.48 2.06 18.94 0.55 0.059  4.018  6.825 0.034 0.055 SNIb
150  0 120  0.00  0.75 1.93 21.52 0.51 0.025  1.952  3.416 0.016 0.026 SNIb
300  0  13  0.00  0.65 1.63  1.89 0.25 0.054  0.276  0.648 0.046 0.069 SNIb
300  0  15  0.00  0.61 2.77  1.36 0.42 0.154  0.409  0.914 0.020 0.048 SNIb
300  0  20  0.00  0.50 1.94  3.65 0.41 0.082  0.736  1.629 0.052 0.087 SNIb
300  0  25  0.00  0.50 1.94  3.57 0.31 0.081  0.838  1.883 0.040 0.086 SNIb
300  0  30  0.00  0.51 1.65  4.05 0.24 0.055  1.037  2.272 0.045 0.076 SNIb
300  0  40  0.00  0.51 1.91  5.95 0.40 0.070  1.505  3.170 0.043 0.077 SNIb
300  0  60  0.00  0.64 1.76  9.08 0.47 0.031  1.239  2.350 0.025 0.039 SNIb
300  0  80  0.00  0.73 1.77  9.74 0.46 0.025  1.051  2.007 0.020 0.030 SNIb
300  0 120  0.00  0.73 1.72 11.44 0.47 0.026  1.246  2.351 0.021 0.032 SNIb
  0 -1  13  5.83  4.44 1.19  1.08 0.03 0.000  0.000  0.000 0.000 0.000 SNIIP
  0 -1  15  6.34  4.54 1.40  1.33 0.17 0.000  0.000  0.000 0.000 0.000 SNIIP
  0 -1  20  7.47  6.50 1.43  1.79 0.17 0.000  0.000  0.000 0.000 0.000 SNIIP
  0 -1  25  6.96  6.62 1.59  4.02 0.36 0.000  0.000  0.000 0.000 0.000 SNIIP
  0 -1  30 10.21 10.46 1.57  4.45 0.35 0.000  0.000  0.000 0.000 0.000 SNIIP
  0 -1  40  6.00 11.31 1.55  6.59 0.37 0.000  0.000  0.000 0.000 0.000 SNIIP
  0 -1  60  6.93 14.78 1.68 17.97 0.49 0.000  0.000  0.000 0.000 0.000 SNIIP
  0 -1  80  0.06  8.18 2.18 37.91 0.54 0.000  0.000  0.000 0.000 0.000 SNIb
150 -1  13  3.66  3.41 1.59  1.71 0.22 0.049  0.237  0.502 0.043 0.064 SNIIP
150 -1  15  3.72  3.79 1.66  2.22 0.27 0.059  0.333  0.717 0.046 0.072 SNIIP
150 -1  20  2.36  3.78 1.87  3.40 0.34 0.076  0.646  1.328 0.048 0.080 SNIIP
150 -1  25  2.57  3.98 1.88  3.87 0.33 0.070  0.876  1.444 0.044 0.080 SNIIP
150 -1  30  6.56  7.70 2.00  6.58 0.55 0.077  1.356  2.702 0.047 0.077 SNIIP
150 -1  40  0.00  1.74 1.99 14.42 0.53 0.056  2.792  5.046 0.035 0.056 SNIb
150 -1  60  0.00  0.69 2.18 19.52 0.53 0.054  3.693  6.348 0.029 0.046 SNIb
150 -1  80  0.00  0.78 2.32 39.73 0.55 0.063  7.356 11.954 0.031 0.049 SNIb
300 -1  13  2.92  2.81 1.90  1.67 0.28 0.093  0.369  0.583 0.055 0.098 SNIIP
300 -1  15  2.55  2.82 1.99  1.84 0.28 0.103  0.474  0.697 0.056 0.105 SNIIP
300 -1  20  4.53  4.99 1.93  3.33 0.39 0.094  0.675  1.022 0.055 0.097 SNIIP
300 -1  25  3.61  3.64 1.92  5.17 0.42 0.077  1.272  2.192 0.047 0.084 SNIIP
300 -1  30  0.00  1.16 2.05  8.58 0.57 0.081  2.088  4.384 0.049 0.077 SNIb
300 -1  40  0.00  0.58 2.01 13.78 0.55 0.069  3.331  6.102 0.043 0.068 SNIb
300 -1  60  0.00  0.50 2.23 21.07 0.56 0.075  5.277  9.268 0.039 0.062 SNIb
300 -1  80  0.00  0.78 2.20 27.42 0.54 0.052  4.945  8.447 0.027 0.044 SNIb
300 -1 120  0.00  0.93 1.71 47.54 0.46 0.029  4.926  8.262 0.019 0.037 SNIb
  0 -2  13  6.23  4.44 1.40  0.85 0.03 0.000  0.000  0.000 0.000 0.000 SNIIP
  0 -2  15  6.86  5.09 1.08  1.70 0.13 0.000  0.000  0.000 0.000 0.000 SNIIP
  0 -2  20  8.60  6.71 1.43  1.83 0.17 0.000  0.000  0.000 0.000 0.000 SNIIP
  0 -2  25 10.20  8.26 1.53  2.54 0.19 0.000  0.000  0.000 0.000 0.000 SNIIP
  0 -2  30 11.75 10.76 1.55  3.96 0.31 0.000  0.000  0.000 0.000 0.000 SNIIP
  0 -2  40 14.38 13.75 1.54  7.39 0.39 0.000  0.000  0.000 0.000 0.000 SNIIP
  0 -2  60 18.55 20.46 1.69 19.15 0.50 0.000  0.000  0.000 0.000 0.000 SNIIP
  0 -2  80 22.30 26.49 1.78 34.51 0.53 0.000  0.000  0.000 0.000 0.000 SNIIP
150 -2  13  3.44  3.25 1.59  1.67 0.21 0.050  0.227  0.481 0.043 0.070 SNIIP
150 -2  15  4.04  3.80 1.85  1.84 0.28 0.064  0.326  0.656 0.044 0.070 SNIIP
150 -2  20  5.31  4.96 1.91  3.30 0.34 0.079  0.615  1.076 0.048 0.087 SNIIP
150 -2  25  8.62  6.62 1.92  4.72 0.42 0.076  0.962  1.926 0.046 0.083 SNIIP
150 -2  30  7.45  5.38 1.80  8.52 0.50 0.048  1.460  2.955 0.037 0.057 SNIIP
150 -2  40  0.00  1.05 2.05 14.62 0.52 0.053  2.828  4.997 0.032 0.051 SNIb
150 -2  60  0.00  1.03 2.22 36.65 0.57 0.067  7.568 12.839 0.036 0.055 SNIb
300 -2  13  3.43  3.15 1.92  1.46 0.26 0.094  0.344  0.549 0.055 0.096 SNIIP
300 -2  15  4.23  3.78 1.97  2.02 0.32 0.098  0.439  0.646 0.056 0.103 SNIIP
300 -2  20  4.29  3.80 2.03  5.27 0.60 0.089  0.986  2.026 0.055 0.087 SNIIP
300 -2  25  0.00  1.23 1.92  6.21 0.50 0.077  1.464  3.286 0.048 0.083 SNIb
300 -2  30  0.00  0.90 1.84  7.75 0.51 0.060  1.740  3.649 0.042 0.071 SNIb
300 -2  40  0.00  0.67 2.20 15.68 0.56 0.084  4.303  7.749 0.044 0.071 SNIb
300 -2  60  0.00  0.86 1.77 41.22 0.52 0.063 11.310 19.042 0.047 0.077 SNIb
  0 -3  13  6.22  4.44 1.15  1.30 0.04 0.000  0.000  0.000 0.000 0.000 SNIIP
  0 -3  15  6.95  4.62 1.46  1.45 0.20 0.000  0.000  0.000 0.000 0.000 SNIIP
  0 -3  20  8.64  6.63 1.44  1.86 0.17 0.000  0.000  0.000 0.000 0.000 SNIIP
  0 -3  25 10.13  8.00 1.53  2.89 0.22 0.000  0.000  0.000 0.000 0.000 SNIIP
  0 -3  30 11.89  9.70 1.57  4.16 0.29 0.000  0.000  0.000 0.000 0.000 SNIIP
  0 -3  40 14.58 12.82 1.72  8.61 0.42 0.000  0.000  0.000 0.000 0.000 SNIIP
  0 -3  60 19.75 17.88 1.75 21.97 0.51 0.000  0.000  0.000 0.000 0.000 SNIIP
  0 -3  80 24.20 25.17 1.81 36.37 0.52 0.000  0.000  0.000 0.000 0.000 SNIIP
150 -3  13  3.98  3.49 1.61  1.89 0.25 0.048  0.230  0.467 0.042 0.063 SNIIP
150 -3  15  4.19  3.95 1.22  2.55 0.27 0.024  0.291  0.399 0.035 0.060 SNIIP
150 -3  20  5.85  5.13 1.91  3.12 0.35 0.077  0.559  1.228 0.046 0.082 SNIIP
150 -3  25  7.11  6.21 1.84  4.59 0.43 0.068  0.949  1.595 0.048 0.082 SNIIP
150 -3  30  7.70  5.96 1.78  8.22 0.48 0.044  1.419  2.789 0.034 0.053 SNIIP
150 -3  40  0.02  1.99 2.15 18.08 0.54 0.059  3.473  5.972 0.032 0.052 SNIb
150 -3  60  0.17  3.60 1.73 45.98 0.54 0.050  9.870 17.070 0.039 0.066 SNIb
300 -3  13  4.37  3.83 1.17  2.37 0.24 0.036  0.285  0.427 0.054 0.086 SNIIP
300 -3  15  4.24  4.09 2.07  1.88 0.37 0.083  0.401  0.628 0.028 0.072 SNIIP
300 -3  20  6.71  6.20 1.93  3.26 0.36 0.086  0.609  1.257 0.051 0.090 SNIIP
300 -3  25  0.05  1.38 1.89  6.45 0.49 0.069  1.421  2.839 0.046 0.078 SNIb
300 -3  30  0.01  1.42 1.92  9.63 0.50 0.071  2.331  4.784 0.048 0.075 SNIb
300 -3  40  0.00  1.27 2.26 17.79 0.57 0.086  4.500  8.452 0.043 0.070 SNIb
300 -3  60  0.00  1.69 2.53 34.61 0.60 0.106 10.254 18.645 0.045 0.072 SNIb
