# Initial composition Z = 0.014
# 0.00000E+000  0.00000E+000  0.00000E+000  0.00000E+000  0.00000E+000  0.00000E+000          SN      7.129800E-001      2.470500E-005      2.729800E-001      1.006500E-008      1.518600E-010      2.517400E-003      3.050600E-005      6.791600E-004      1.670200E-006      6.159600E-003      2.486300E-006      1.389200E-005      4.627200E-007      1.307800E-003      3.291800E-006      1.057800E-004      3.297100E-005      4.833900E-004      6.374600E-005      7.299100E-005      0.000000E+000      5.342800E-005      6.684800E-004      3.130600E-005      5.993700E-006      3.110500E-004      7.521600E-006      6.731200E-005      3.379800E-006      6.160200E-005      4.462600E-008      3.363100E-006      3.417200E-007      1.631900E-005      9.048500E-006      1.240500E-003      3.289000E-006      7.002900E-005      6.915100E-007      1.746600E-006
# total ejecta
           Min          Mfin          M_HE          M_CO          Mrem          Mbar         SNT                  H                HE3                HE4                LI7                BE7                C12                C13                N14                N15                O16                O17                O18                F19               NE20               NE21               NE22               NA23               MG24               MG25               MG26               AL26               AL27               SI28               SI29                  P                  S                 CL                 AR                  K                 CA                 SC                 TI                  V                 CR                 MN                 FE                 CO                 NI                 CU                 ZN
  1.40000E+001  1.33544E+001  4.62372E+000  2.72566E+000  1.45711E+000  1.61635E+000        CCSN      6.369185E+000      2.624208E-004      4.592402E+000      1.275326E-009      1.023169E-013      2.036279E-001      1.072323E-003      3.958129E-002      6.511144E-006      6.188157E-001      4.060938E-005      2.839660E-003      3.934752E-006      1.431541E-001      1.604727E-004      1.061233E-002      3.259856E-003      5.778565E-002      4.047237E-003      5.401463E-003      2.610369E-007      4.431346E-003      1.289816E-001      2.828734E-003      0.000000E+000      6.232751E-002      1.875716E-004      1.111454E-002      7.850612E-005      8.332118E-003      2.121914E-006      1.862895E-004      2.703703E-005      2.194407E-003      1.122281E-003      1.003315E-001      2.250936E-004      5.278956E-003      4.741967E-005      5.419941E-005
  1.60000E+001  1.50099E+001  5.51296E+000  3.29349E+000  1.46376E+000  1.62446E+000        CCSN      7.216703E+000      2.871771E-004      5.141645E+000      1.570854E-009      1.693488E-013      2.522159E-001      1.213279E-003      4.150727E-002      8.476699E-006      9.257521E-001      5.184056E-005      3.432441E-003      5.208264E-006      2.988542E-001      2.715385E-004      1.650665E-002      6.685697E-003      9.042476E-002      8.142475E-003      9.230279E-003      5.809349E-006      9.184040E-003      1.418791E-001      3.456953E-003      0.000000E+000      6.547909E-002      2.133935E-004      1.146919E-002      8.631212E-005      8.564345E-003      3.197032E-006      1.931093E-004      2.766690E-005      2.185048E-003      1.117235E-003      1.025641E-001      3.141626E-004      5.636686E-003      8.526832E-005      7.681208E-005
  1.80000E+001  1.62278E+001  6.65061E+000  4.09524E+000  1.47367E+000  1.63655E+000        CCSN      6.340467E+000      4.817974E-005      7.180122E+000      1.836195E-009      5.425418E-013      3.075287E-001      4.541828E-004      8.248290E-002      5.617136E-006      1.327034E+000      5.369072E-005      4.080165E-003      4.139346E-006      5.164296E-001      4.728257E-004      2.395366E-002      1.207785E-002      1.355723E-001      1.363840E-002      1.479202E-002      1.194855E-005      1.584916E-002      1.595800E-001      4.333690E-003      0.000000E+000      6.987380E-002      2.489536E-004      1.198700E-002      9.648381E-005      8.891379E-003      4.714739E-006      1.886549E-004      2.867531E-005      2.178761E-003      1.132639E-003      1.052665E-001      4.330864E-004      5.952546E-003      1.390375E-004      1.031517E-004
  2.00000E+001  1.83726E+001  7.12691E+000  4.81237E+000  1.54157E+000  1.71980E+000        CCSN      8.319460E+000      3.681361E-004      6.433668E+000      1.968688E-009      5.992060E-012      4.200636E-001      1.047788E-003      5.035691E-002      1.173428E-005      1.781124E+000      5.284070E-005      2.960512E-003      7.352198E-006      5.919749E-001      5.429511E-004      2.436883E-002      1.535888E-002      1.326634E-001      1.571423E-002      1.852817E-002      3.637402E-006      1.991720E-002      1.905061E-001      4.597588E-003      0.000000E+000      9.171768E-002      3.747437E-004      1.665946E-002      1.905240E-004      1.164360E-002      7.776422E-006      2.596528E-004      2.999582E-005      2.126394E-003      1.055719E-003      1.082433E-001      5.812953E-004      6.632903E-003      2.356133E-004      1.707689E-004
  2.20000E+001  1.91059E+001  8.26184E+000  5.62021E+000  1.61739E+000  1.81359E+000        CCSN      8.686656E+000      3.791068E-004      7.156261E+000      2.108526E-009      2.754846E-013      5.689760E-001      8.765796E-004      5.022289E-002      1.229824E-005      2.264805E+000      5.935625E-005      2.797293E-003      1.164685E-005      6.766531E-001      6.777117E-004      3.866427E-002      1.971795E-002      1.292294E-001      1.779127E-002      2.295434E-002      5.018506E-006      2.450466E-002      2.224880E-001      4.913514E-003      0.000000E+000      1.162064E-001      5.148664E-004      2.234127E-002      2.884082E-004      1.563189E-002      1.128168E-005      2.830773E-004      3.579159E-005      2.833511E-003      1.387352E-003      1.194907E-001      6.694406E-004      5.966403E-003      3.429028E-004      2.149234E-004
  2.40000E+001  2.00675E+001  9.22898E+000  6.44679E+000  1.62145E+000  1.81863E+000        CCSN      9.185515E+000      3.894336E-004      7.848564E+000      2.282399E-009      3.416497E-013      5.904479E-001      7.227328E-004      6.186680E-002      1.232046E-005      2.822722E+000      6.235071E-005      1.909287E-003      1.157746E-005      8.775641E-001      7.540862E-004      3.718171E-002      2.468847E-002      1.590618E-001      2.038255E-002      2.936870E-002      6.392235E-006      3.260544E-002      2.220635E-001      5.560439E-003      0.000000E+000      1.132229E-001      5.292296E-004      2.155644E-002      2.654057E-004      1.541737E-002      1.296035E-005      2.914683E-004      3.616175E-005      2.911143E-003      1.388718E-003      1.110955E-001      7.394565E-004      5.696567E-003      4.210629E-004      2.988770E-004
  2.60000E+001  2.09426E+001  1.02481E+001  7.38438E+000  2.04426E+001  2.09426E+001         FSN      3.529945E+000      2.444602E-004      1.456412E+000      2.463689E-009      4.174709E-013      1.169489E-002      2.809349E-004      5.815817E-003      5.682215E-006      2.967092E-002      1.266938E-005      6.500003E-005      2.214336E-006      6.607035E-003      1.930321E-005      5.079092E-004      2.012015E-004      2.444955E-003      3.088605E-004      3.819466E-004      1.080174E-007      2.714954E-004      3.381113E-003      0.000000E+000      0.000000E+000      1.573253E-003      0.000000E+000      3.404600E-004      0.000000E+000      3.115768E-004      0.000000E+000      1.701058E-005      0.000000E+000      8.253881E-005      0.000000E+000      6.274469E-003      0.000000E+000      3.542026E-004      0.000000E+000      8.834163E-006
  2.80000E+001  2.15142E+001  1.13515E+001  8.30671E+000  2.10142E+001  2.15142E+001         FSN      4.505994E+000      2.784719E-004      1.888696E+000      2.656434E-009      5.724555E-013      1.436363E-002      6.600169E-004      8.309435E-003      6.078445E-006      3.756015E-002      1.594778E-005      8.192055E-005      2.804690E-006      8.470802E-003      2.520363E-005      6.424688E-004      2.697092E-004      3.135574E-003      3.917375E-004      4.938412E-004      1.924113E-007      3.486707E-004      4.336161E-003      0.000000E+000      0.000000E+000      2.017641E-003      0.000000E+000      4.366279E-004      0.000000E+000      3.995861E-004      0.000000E+000      2.181546E-005      0.000000E+000      1.058531E-004      0.000000E+000      8.046783E-003      0.000000E+000      4.542522E-004      0.000000E+000      1.132950E-005
  3.00000E+001  2.03211E+001  1.23833E+001  9.23839E+000  1.98211E+001  2.03211E+001         FSN      6.593381E+000      4.139438E-004      2.949736E+000      2.843777E-009      7.194467E-013      2.042763E-002      6.972679E-004      1.645826E-002      9.965687E-006      5.313000E-002      2.321991E-005      1.146717E-004      3.944818E-006      1.262773E-002      4.172867E-005      9.054568E-004      4.707368E-004      4.679785E-003      5.580448E-004      7.618212E-004      5.946575E-007      5.230246E-004      6.471608E-003      0.000000E+000      0.000000E+000      3.011269E-003      0.000000E+000      6.516540E-004      0.000000E+000      5.963703E-004      0.000000E+000      3.255892E-005      0.000000E+000      1.579826E-004      0.000000E+000      1.200958E-002      0.000000E+000      6.779578E-004      0.000000E+000      1.690894E-005
  3.50000E+001  1.76223E+001  1.49221E+001  1.16591E+001  1.71223E+001  1.76223E+001         FSN      1.057812E+001      5.075063E-004      6.556883E+000      3.397301E-009      1.084589E-011      2.530596E-002      1.020746E-003      6.392021E-002      1.281808E-005      7.173361E-002      3.810897E-005      1.391161E-004      4.995430E-006      2.253658E-002      9.380298E-005      1.193855E-003      1.446450E-003      8.406914E-003      7.802290E-004      1.562791E-003      7.109391E-006      9.709770E-004      1.162547E-002      0.000000E+000      0.000000E+000      5.409287E-003      0.000000E+000      1.170598E-003      0.000000E+000      1.071289E-003      0.000000E+000      5.848716E-005      0.000000E+000      2.837917E-004      0.000000E+000      2.157339E-002      0.000000E+000      1.217848E-003      0.000000E+000      3.037434E-005
  4.00000E+001  1.48565E+001  1.48565E+001  1.23598E+001  1.43565E+001  1.48565E+001         FSN      1.153326E+001      4.878121E-004      1.315345E+001      3.933282E-009      1.611785E-009      8.740191E-002      8.515969E-004      1.487544E-001      1.576908E-005      1.013265E-001      2.561017E-005      1.236712E-004      4.156570E-006      3.216319E-002      1.411531E-004      2.767465E-003      3.388516E-003      1.217987E-002      7.063622E-004      2.588213E-003      2.373163E-005      1.591037E-003      1.683984E-002      0.000000E+000      0.000000E+000      7.835037E-003      0.000000E+000      1.695542E-003      0.000000E+000      1.551699E-003      0.000000E+000      8.471524E-005      0.000000E+000      4.110557E-004      0.000000E+000      3.124780E-002      0.000000E+000      1.763982E-003      0.000000E+000      4.399546E-005
  5.00000E+001  1.57878E+001  1.57878E+001  1.32110E+001  1.52878E+001  1.57878E+001         FSN      1.519188E+001      7.280114E-004      1.580223E+001      4.748252E-009      1.203707E-010      2.100030E+000      1.553067E-003      1.483774E-001      1.997123E-005      7.464498E-001      4.075726E-005      1.928268E-004      7.097552E-006      4.364677E-002      1.222421E-004      6.207878E-002      4.601387E-003      1.657704E-002      1.609583E-003      3.457766E-003      4.356746E-005      2.286548E-003      2.291685E-002      0.000000E+000      0.000000E+000      1.066216E-002      0.000000E+000      2.307345E-003      0.000000E+000      2.111600E-003      0.000000E+000      1.152831E-004      0.000000E+000      5.593771E-004      0.000000E+000      4.252296E-002      0.000000E+000      2.400480E-003      0.000000E+000      5.987037E-005
  6.00000E+001  1.91277E+001  1.91277E+001  1.62262E+001  1.86277E+001  1.91277E+001         FSN      1.748852E+001      8.035711E-004      1.936277E+001      5.717296E-009      9.881247E-011      2.598039E+000      1.995131E-003      1.891639E-001      2.373427E-005      9.612318E-001      4.311478E-005      2.049233E-004      7.666757E-006      5.201609E-002      1.292117E-004      7.940465E-002      5.874516E-003      1.980832E-002      2.159655E-003      4.238896E-003      7.558487E-005      2.817804E-003      2.738205E-002      0.000000E+000      0.000000E+000      1.273935E-002      0.000000E+000      2.756860E-003      0.000000E+000      2.522979E-003      0.000000E+000      1.377424E-004      0.000000E+000      6.683545E-004      0.000000E+000      5.080724E-002      0.000000E+000      2.868140E-003      0.000000E+000      7.153425E-005
  7.00000E+001  2.16774E+001  2.16774E+001  1.86752E+001  2.11774E+001  2.16774E+001         FSN      1.969712E+001      8.384139E-004      2.333866E+001      6.680770E-009      3.337552E-011      3.412588E+000      1.147094E-003      2.326045E-001      2.775614E-005      1.306580E+000      4.704108E-005      2.072703E-004      8.037204E-006      6.133886E-002      1.358705E-004      1.084594E-001      7.419990E-003      2.342537E-002      2.934336E-003      5.153418E-003      1.116440E-004      3.445020E-003      3.237993E-002      0.000000E+000      0.000000E+000      1.506426E-002      0.000000E+000      3.259983E-003      0.000000E+000      2.983419E-003      0.000000E+000      1.628802E-004      0.000000E+000      7.903281E-004      0.000000E+000      6.007948E-002      0.000000E+000      3.391571E-003      0.000000E+000      8.458915E-005
  8.00000E+001  2.38326E+001  2.38326E+001  2.07385E+001  2.33326E+001  2.38326E+001         FSN      2.192092E+001      8.903462E-004      2.817359E+001      7.689441E-009      1.156202E-011      3.911414E+000      1.305341E-003      2.798457E-001      3.097967E-005      1.483903E+000      4.992409E-005      2.194440E-004      8.668296E-006      7.111990E-002      1.396570E-004      1.313264E-001      9.011600E-003      2.723182E-002      3.532355E-003      6.005726E-003      1.638752E-004      4.122111E-003      3.764018E-002      0.000000E+000      0.000000E+000      1.751114E-002      0.000000E+000      3.789502E-003      0.000000E+000      3.468016E-003      0.000000E+000      1.893368E-004      0.000000E+000      9.187010E-004      0.000000E+000      6.983818E-002      0.000000E+000      3.942463E-003      0.000000E+000      9.832895E-005
  8.50000E+001  2.51298E+001  2.51298E+001  2.08345E+001  2.46298E+001  2.51298E+001         FSN      2.307379E+001      8.941639E-004      3.045466E+001      1.775274E-009      2.857233E-011      4.057084E+000      1.377307E-003      3.063870E-001      3.210853E-005      1.558190E+000      5.178959E-005      2.198322E-004      8.755053E-006      7.575194E-002      1.422478E-004      1.388928E-001      9.786716E-003      2.903027E-002      3.852902E-003      6.417005E-003      1.945361E-004      4.440365E-003      4.012526E-002      0.000000E+000      0.000000E+000      1.866711E-002      0.000000E+000      4.039659E-003      0.000000E+000      3.696950E-003      0.000000E+000      2.018355E-004      0.000000E+000      9.793474E-004      0.000000E+000      7.444843E-002      0.000000E+000      4.202718E-003      0.000000E+000      1.048200E-004
  9.00000E+001  2.63070E+001  2.63070E+001  2.20139E+001  2.58070E+001  2.63070E+001         FSN      2.417101E+001      9.122104E-004      3.286954E+001      1.941165E-009      2.516242E-011      4.231281E+000      1.464093E-003      3.319489E-001      3.329880E-005      1.642470E+000      5.295451E-005      2.242494E-004      8.983117E-006      8.051680E-002      1.441539E-004      1.474687E-001      1.058025E-002      3.088614E-002      4.192907E-003      6.830745E-003      2.265252E-004      4.780783E-003      4.268951E-002      0.000000E+000      0.000000E+000      1.985988E-002      0.000000E+000      4.297779E-003      0.000000E+000      3.933173E-003      0.000000E+000      2.147321E-004      0.000000E+000      1.041924E-003      0.000000E+000      7.920543E-002      0.000000E+000      4.471258E-003      0.000000E+000      1.115176E-004
  9.50000E+001  2.74420E+001  2.74420E+001  2.30379E+001  2.69420E+001  2.74420E+001         FSN      2.524189E+001      9.198492E-004      3.537659E+001      2.200749E-009      2.313720E-011      4.390735E+000      1.552224E-003      3.589056E-001      3.413714E-005      1.716405E+000      5.447764E-005      2.261483E-004      9.128176E-006      8.532560E-002      1.458982E-004      1.558472E-001      1.140253E-002      3.276269E-002      4.512000E-003      7.237801E-003      2.598604E-004      5.132110E-003      4.528224E-002      0.000000E+000      0.000000E+000      2.106587E-002      0.000000E+000      4.558762E-003      0.000000E+000      4.172015E-003      0.000000E+000      2.277717E-004      0.000000E+000      1.105195E-003      0.000000E+000      8.401518E-002      0.000000E+000      4.742774E-003      0.000000E+000      1.182895E-004
  1.00000E+002  2.84318E+001  2.84318E+001  2.42590E+001  2.79318E+001  2.84318E+001         FSN      2.631299E+001      9.323187E-004      3.806908E+001      2.246943E-009      1.885240E-011      4.520130E+000      1.652513E-003      3.877671E-001      3.503949E-005      1.779060E+000      5.592758E-005      2.291362E-004      9.293954E-006      9.030677E-002      1.475082E-004      1.626118E-001      1.225804E-002      3.470997E-002      4.798204E-003      7.642338E-003      2.961145E-004      5.501367E-003      4.797259E-002      0.000000E+000      0.000000E+000      2.231725E-002      0.000000E+000      4.829568E-003      0.000000E+000      4.419847E-003      0.000000E+000      2.413022E-004      0.000000E+000      1.170848E-003      0.000000E+000      8.900597E-002      0.000000E+000      5.024512E-003      0.000000E+000      1.253163E-004
  1.10000E+002  3.06025E+001  3.06025E+001  2.58532E+001  3.01025E+001  3.06025E+001         FSN      2.848933E+001      9.692273E-004      4.325260E+001      2.757961E-009      2.013494E-011      4.751575E+000      1.862353E-003      4.451131E-001      3.709937E-005      1.912335E+000      5.771380E-005      2.384312E-004      9.705030E-006      1.000398E-001      1.511888E-004      1.729199E-001      1.391366E-002      3.851199E-002      5.438075E-003      8.438315E-003      3.735288E-004      6.224794E-003      5.322476E-002      0.000000E+000      0.000000E+000      2.476021E-002      0.000000E+000      5.358237E-003      0.000000E+000      4.903666E-003      0.000000E+000      2.677163E-004      0.000000E+000      1.299015E-003      0.000000E+000      9.874902E-002      0.000000E+000      5.574520E-003      0.000000E+000      1.390341E-004
  1.20000E+002  3.29368E+001  3.29368E+001  2.79472E+001  3.24368E+001  3.29368E+001         FSN      3.064738E+001      9.593233E-004      4.827175E+001      3.177100E-009      2.219156E-011      4.985567E+000      2.053207E-003      5.048933E-001      3.779095E-005      2.060152E+000      6.118735E-005      2.362431E-004      9.732039E-006      1.095730E-001      1.545523E-004      1.833965E-001      1.558738E-002      4.223509E-002      6.188643E-003      9.239190E-003      4.596426E-004      6.940724E-003      5.836711E-002      0.000000E+000      0.000000E+000      2.715207E-002      0.000000E+000      5.875848E-003      0.000000E+000      5.377364E-003      0.000000E+000      2.935780E-004      0.000000E+000      1.424501E-003      0.000000E+000      1.082883E-001      0.000000E+000      6.113024E-003      0.000000E+000      1.524649E-004
  1.30000E+002  3.49245E+001  3.49245E+001  2.97619E+001  3.42714E+001  3.47714E+001       PPISN      3.287196E+001      9.695228E-004      5.365096E+001      3.536440E-009      2.385536E-011      5.236759E+000      2.270292E-003      5.684210E-001      3.909567E-005      2.258310E+000      6.310711E-005      2.387856E-004      9.957681E-006      1.197309E-001      1.582225E-004      1.930290E-001      1.737754E-002      4.620229E-002      7.171292E-003      1.011967E-002      5.594014E-004      7.711422E-003      6.384512E-002      0.000000E+000      0.000000E+000      2.970002E-002      0.000000E+000      6.427237E-003      0.000000E+000      5.881976E-003      0.000000E+000      3.211273E-004      0.000000E+000      1.558175E-003      0.000000E+000      1.184500E-001      0.000000E+000      6.686669E-003      0.000000E+000      1.667722E-004
  1.40000E+002  3.68114E+001  3.68114E+001  3.14948E+001  3.60665E+001  3.65665E+001       PPISN      3.516119E+001      9.454946E-004      5.908099E+001      4.320164E-009      3.213300E-011      5.444625E+000      2.481707E-003      6.353623E-001      3.950935E-005      2.422222E+000      6.751440E-005      2.332529E-004      9.818660E-006      1.299403E-001      1.618043E-004      2.008100E-001      1.918254E-002      5.018841E-002      8.076704E-003      1.097425E-002      6.673617E-004      8.485135E-003      6.934935E-002      0.000000E+000      0.000000E+000      3.226016E-002      0.000000E+000      6.981264E-003      0.000000E+000      6.389001E-003      0.000000E+000      3.488084E-004      0.000000E+000      1.692490E-003      0.000000E+000      1.286604E-001      0.000000E+000      7.263059E-003      0.000000E+000      1.811479E-004
  1.50000E+002  3.90770E+001  3.90770E+001  3.35251E+001  3.78977E+001  3.83977E+001       PPISN      3.744530E+001      9.558363E-004      6.414413E+001      4.667477E-009      3.378699E-011      5.803324E+000      2.688429E-003      6.956058E-001      4.079847E-005      2.771244E+000      6.994401E-005      2.358832E-004      1.010705E-005      1.401951E-001      1.654279E-004      2.139493E-001      2.095698E-002      5.416123E-002      1.002783E-002      1.202871E-002      7.795712E-004      9.267808E-003      7.482957E-002      0.000000E+000      0.000000E+000      3.480909E-002      0.000000E+000      7.532865E-003      0.000000E+000      6.893806E-003      0.000000E+000      3.763683E-004      0.000000E+000      1.826216E-003      0.000000E+000      1.388261E-001      0.000000E+000      7.836926E-003      0.000000E+000      1.954607E-004
  1.60000E+002  4.09971E+001  4.09971E+001  3.53295E+001  3.86895E+001  3.91895E+001       PPISN      3.979754E+001      9.404623E-004      6.958437E+001      5.271530E-009      3.898425E-011      6.325994E+000      2.927658E-003      7.611279E-001      4.142217E-005      3.530633E+000      7.402641E-005      2.320358E-004      1.034039E-005      1.522368E-001      1.692307E-004      2.324601E-001      2.300216E-002      5.865950E-002      1.520726E-002      1.377007E-002      9.065452E-004      1.016924E-002      8.100877E-002      0.000000E+000      0.000000E+000      3.768303E-002      0.000000E+000      8.154801E-003      0.000000E+000      7.462980E-003      0.000000E+000      4.074425E-004      0.000000E+000      1.976994E-003      0.000000E+000      1.502880E-001      0.000000E+000      8.483966E-003      0.000000E+000      2.115985E-004
  1.70000E+002  4.29879E+001  4.29879E+001  3.71997E+001  3.86672E+001  3.91672E+001       PPISN      4.220163E+001      9.415459E-004      7.490892E+001      6.120656E-009      4.807901E-011      6.945258E+000      3.132203E-003      8.257015E-001      4.259428E-005      5.050013E+000      7.746763E-005      2.326608E-004      1.089197E-005      1.710470E-001      1.732187E-004      2.505874E-001      2.523887E-002      6.382092E-002      3.157313E-002      1.731168E-002      1.043116E-003      1.117405E-002      8.773681E-002      0.000000E+000      0.000000E+000      4.081178E-002      0.000000E+000      8.831879E-003      0.000000E+000      8.082617E-003      0.000000E+000      4.412716E-004      0.000000E+000      2.141141E-003      0.000000E+000      1.627661E-001      0.000000E+000      9.188373E-003      0.000000E+000      2.291672E-004
  1.80000E+002  4.49606E+001  4.49606E+001  3.89432E+001  3.92053E+001  3.97053E+001       PPISN      4.459331E+001      9.293557E-004      8.020113E+001      6.617015E-009      5.150599E-011      7.335831E+000      3.378931E-003      8.919886E-001      4.335744E-005      6.283689E+000      8.022584E-005      2.296257E-004      1.099464E-005      1.962112E-001      1.766797E-004      2.602525E-001      2.736229E-002      6.931642E-002      4.853246E-002      2.067398E-002      1.185146E-003      1.211896E-002      9.408884E-002      0.000000E+000      0.000000E+000      4.376526E-002      0.000000E+000      9.471026E-003      0.000000E+000      8.667542E-003      0.000000E+000      4.732057E-004      0.000000E+000      2.296091E-003      0.000000E+000      1.745452E-001      0.000000E+000      9.853320E-003      0.000000E+000      2.457516E-004
  1.90000E+002  4.72523E+001  4.72523E+001  4.09934E+001  4.05285E+001  4.10285E+001       PPISN      4.700989E+001      9.358968E-004      8.509491E+001      7.593157E-009      6.198135E-011      7.638229E+000      3.593069E-003      9.529008E-001      4.465073E-005      7.198079E+000      8.242633E-005      2.316986E-004      1.135892E-005      2.289661E-001      1.802564E-004      2.680541E-001      2.926168E-002      7.610148E-002      6.247674E-002      2.340743E-002      1.323904E-003      1.297782E-002      9.991345E-002      0.000000E+000      0.000000E+000      4.647303E-002      0.000000E+000      1.005700E-002      0.000000E+000      9.203806E-003      0.000000E+000      5.024831E-004      0.000000E+000      2.438151E-003      0.000000E+000      1.853444E-001      0.000000E+000      1.046295E-002      0.000000E+000      2.609563E-004
  2.00000E+002  4.94586E+001  4.94586E+001  4.30224E+001  4.25565E+001  4.30565E+001       PPISN      4.944819E+001      9.298567E-004      9.005334E+001      8.491656E-009      7.110972E-011      7.819882E+000      3.814957E-003      1.015477E+000      4.557368E-005      7.475266E+000      8.535034E-005      2.303270E-004      1.152654E-005      2.435588E-001      1.837807E-004      2.750749E-001      3.098598E-002      8.060769E-002      6.631222E-002      2.462113E-002      1.464455E-003      1.374975E-002      1.052613E-001      0.000000E+000      0.000000E+000      4.896006E-002      0.000000E+000      1.059521E-002      0.000000E+000      9.696352E-003      0.000000E+000      5.293737E-004      0.000000E+000      2.568630E-003      0.000000E+000      1.952632E-001      0.000000E+000      1.102288E-002      0.000000E+000      2.749215E-004
  2.10000E+002  5.14009E+001  5.14009E+001  4.47958E+001  4.30729E+001  4.35729E+001       PPISN      5.199848E+001      9.400500E-004      9.521120E+001      1.011662E-008      9.135285E-011      8.148384E+000      4.026334E-003      1.079405E+000      4.715047E-005      8.728100E+000      8.704284E-005      6.536205E-004      1.225663E-005      3.037356E-001      1.876089E-004      2.824625E-001      3.308074E-002      9.236389E-002      8.628480E-002      2.824724E-002      1.618668E-003      1.469886E-002      1.116310E-001      0.000000E+000      0.000000E+000      5.192002E-002      0.000000E+000      1.123576E-002      0.000000E+000      1.028256E-002      0.000000E+000      5.613779E-004      0.000000E+000      2.723921E-003      0.000000E+000      2.070681E-001      0.000000E+000      1.168928E-002      0.000000E+000      2.915424E-004
  2.20000E+002  5.38468E+001  5.38468E+001  4.69907E+001  4.65811E+001  4.70811E+001       PPISN      5.431110E+001      9.436649E-004      1.000645E+002      9.641845E-009      7.938407E-011      8.185180E+000      4.188936E-003      1.140337E+000      4.829715E-005      7.981856E+000      8.842274E-005      7.445722E-004      1.167813E-005      2.701324E-001      1.900683E-004      2.896637E-001      3.446865E-002      8.937781E-002      7.295355E-002      2.690023E-002      1.760456E-003      1.530984E-002      1.159781E-001      0.000000E+000      0.000000E+000      5.394401E-002      0.000000E+000      1.167376E-002      0.000000E+000      1.068340E-002      0.000000E+000      5.832620E-004      0.000000E+000      2.830107E-003      0.000000E+000      2.151402E-001      0.000000E+000      1.214497E-002      0.000000E+000      3.029075E-004
  2.30000E+002  5.58827E+001  5.58827E+001  4.89134E+001  4.74596E+001  4.79596E+001       PPISN      5.685179E+001      9.498614E-004      1.051503E+002      1.123386E-008      9.822694E-011      8.466000E+000      4.408673E-003      1.204887E+000      4.970065E-005      9.010427E+000      8.993915E-005      4.331259E-004      1.190809E-005      3.279074E-001      1.935640E-004      2.961705E-001      3.648119E-002      1.007998E-001      8.961158E-002      3.000668E-002      1.920200E-003      1.622432E-002      1.221039E-001      0.000000E+000      0.000000E+000      5.679065E-002      0.000000E+000      1.228979E-002      0.000000E+000      1.124717E-002      0.000000E+000      6.140409E-004      0.000000E+000      2.979452E-003      0.000000E+000      2.264932E-001      0.000000E+000      1.278586E-002      0.000000E+000      3.188920E-004
  2.40000E+002  5.80628E+001  5.80628E+001  5.09345E+001  4.54266E+001  4.59266E+001       PPISN      5.942774E+001      9.415659E-004      1.100539E+002      1.354690E-008      1.277143E-010      9.099667E+000      4.629912E-003      1.268051E+000      5.070989E-005      1.253041E+001      9.283727E-005      4.720019E-004      1.255361E-005      5.189827E-001      1.972929E-004      3.036236E-001      3.922097E-002      1.367899E-001      1.480640E-001      3.930015E-002      2.097581E-003      1.751509E-002      1.302054E-001      0.000000E+000      0.000000E+000      6.054883E-002      0.000000E+000      1.310307E-002      0.000000E+000      1.199146E-002      0.000000E+000      6.546756E-004      0.000000E+000      3.176620E-003      0.000000E+000      2.414816E-001      0.000000E+000      1.363197E-002      0.000000E+000      3.399950E-004
  2.50000E+002  6.00999E+001  6.00999E+001  5.27370E+001  4.67905E+001  4.72905E+001       PPISN      6.195513E+001      9.475252E-004      1.151595E+002      1.426954E-008      1.330813E-010      9.290592E+000      4.858629E-003      1.332761E+000      5.203582E-005      1.318000E+001      9.444066E-005      4.864418E-004      1.342052E-005      5.623309E-001      2.006669E-004      3.094352E-001      4.111598E-002      1.481898E-001      1.585071E-001      4.149018E-002      2.261281E-003      1.837850E-002      1.360035E-001      0.000000E+000      0.000000E+000      6.324351E-002      0.000000E+000      1.368622E-002      0.000000E+000      1.252513E-002      0.000000E+000      6.838114E-004      0.000000E+000      3.317993E-003      0.000000E+000      2.522286E-001      0.000000E+000      1.423865E-002      0.000000E+000      3.551262E-004
  2.60000E+002  6.18537E+001  6.18537E+001  5.43567E+001  3.46898E+001  3.51898E+001       PPISN      6.487237E+001      9.733524E-004      1.202356E+002      2.212166E-008      2.454120E-010      1.100658E+001      5.077761E-003      1.395143E+000      5.457931E-005      2.444975E+001      9.736082E-005      5.719959E-004      1.505020E-005      1.206489E+000      2.063153E-004      3.198609E-001      4.631936E-002      2.735063E-001      3.461086E-001      7.006295E-002      2.503530E-003      2.094143E-002      1.509338E-001      0.000000E+000      0.000000E+000      7.015291E-002      0.000000E+000      1.518144E-002      0.000000E+000      1.389350E-002      0.000000E+000      7.585178E-004      0.000000E+000      3.680484E-003      0.000000E+000      2.797846E-001      0.000000E+000      1.579423E-002      0.000000E+000      3.939238E-004
  2.70000E+002  6.37932E+001  6.37932E+001  5.60742E+001  1.32496E+001  1.37496E+001       PPISN      6.746314E+001      9.913989E-004      1.254395E+002      2.366824E-008      2.631382E-010      1.371926E+001      5.459576E-003      1.459689E+000      5.631457E-005      4.349843E+001      1.413711E-004      3.642364E-004      1.841041E-005      2.331827E+000      2.115943E-004      3.306085E-001      5.646838E-002      4.953697E-001      6.665282E-001      1.182398E-001      2.926385E-003      2.482810E-002      1.722173E-001      0.000000E+000      0.000000E+000      7.998736E-002      0.000000E+000      1.730965E-002      0.000000E+000      1.584117E-002      0.000000E+000      8.648507E-004      0.000000E+000      4.196433E-003      0.000000E+000      3.190062E-001      0.000000E+000      1.800834E-002      0.000000E+000      4.491460E-004
  2.80000E+002  6.56841E+001  6.56841E+001  5.77903E+001  0.00000E+000  0.00000E+000        PISN      7.024474E+001      9.790182E-004      1.319415E+002      2.781251E-008      3.194703E-010      1.440989E+001      5.530874E-003      1.525435E+000      5.814994E-005      5.359393E+001      1.071085E-004      4.757419E-004      1.155228E-005      5.314554E+000      7.232625E-004      2.898520E-001      5.215226E-002      1.651343E+000      2.348024E-002      2.530225E-002      2.654552E-003      5.311695E-002      4.622753E-001      1.982158E-003      2.740636E-003      6.805638E-002      5.633474E-005      1.447999E-002      1.350051E-007      1.323910E-002      1.415827E-011      7.227897E-004      1.112435E-012      3.507124E-003      8.403942E-014      2.679308E-001      1.577636E-014      1.505028E-002      5.966699E-015      3.753689E-004
  2.90000E+002  6.79946E+001  6.79946E+001  5.99591E+001  0.00000E+000  0.00000E+000        PISN      7.283220E+001      9.726514E-004      1.367448E+002      3.097621E-008      3.606233E-010      1.479941E+001      5.745013E-003      1.587103E+000      5.928889E-005      5.546397E+001      1.106237E-004      4.419579E-004      1.165193E-005      5.501692E+000      7.445701E-004      2.954391E-001      5.409205E-002      1.709507E+000      2.476687E-002      2.619395E-002      2.811030E-003      5.506048E-002      4.786374E-001      2.051881E-003      2.837040E-003      7.049718E-002      5.831635E-005      1.499948E-002      1.397540E-007      1.371408E-002      1.465629E-011      7.487211E-004      1.151566E-012      3.632948E-003      8.699557E-014      2.775424E-001      1.633130E-014      1.559024E-002      6.176581E-015      3.888360E-004
  3.00000E+002  6.97040E+001  6.97040E+001  6.15423E+001  0.00000E+000  0.00000E+000        PISN      7.555130E+001      9.880470E-004      1.420831E+002      3.239991E-008      3.760722E-010      1.507614E+001      5.986973E-003      1.655175E+000      6.102247E-005      5.683680E+001      1.121722E-004      4.645252E-004      1.179853E-005      5.643356E+000      7.616984E-004      2.992776E-001      5.610811E-002      1.753802E+000      2.566626E-002      2.703914E-002      2.983501E-003      5.674429E-002      4.924877E-001      2.103467E-003      2.908365E-003      7.311452E-002      5.978246E-005      1.555944E-002      1.432676E-007      1.422620E-002      1.502476E-011      7.766808E-004      1.180517E-012      3.768615E-003      8.918270E-014      2.878900E-001      1.674188E-014      1.617243E-002      6.331865E-015      4.033564E-004
  3.50000E+002  8.00321E+001  8.00321E+001  7.09186E+001  0.00000E+000  0.00000E+000        PISN      8.892709E+001      1.012658E-003      1.660843E+002      4.407666E-008      5.179116E-010      1.262926E+001      7.098783E-003      1.971355E+000      7.403853E-005      5.133472E+001      1.213444E-004      8.929767E-004      1.306978E-005      4.557896E+000      4.878392E-004      3.291948E-001      5.769786E-002      3.803299E+000      2.902961E-002      2.854141E-002      3.817452E-003      4.033623E-002      1.380073E+001      2.219659E-002      1.888540E-003      4.800013E+000      1.422372E-003      6.200076E-001      1.113055E-003      3.878926E-001      3.031328E-006      1.568155E-003      6.569810E-005      1.329702E-002      2.926419E-003      5.085067E-001      4.342008E-006      2.143085E-002      4.799553E-012      4.728352E-004
  4.00000E+002  8.85988E+001  8.85988E+001  7.87500E+001  0.00000E+000  0.00000E+000        PISN      1.036060E+002      1.065846E-003      1.914279E+002      5.659878E-008      6.719080E-010      1.297181E+001      8.298863E-003      2.309480E+000      8.183115E-005      5.100870E+001      1.330798E-004      8.008934E-004      1.387864E-005      4.518219E+000      5.233100E-004      3.483838E-001      6.623384E-002      4.316203E+000      3.507923E-002      3.243764E-002      4.730200E-003      4.543995E-002      1.865494E+001      2.089965E-002      1.503508E-003      7.262969E+000      1.221119E-003      1.019376E+000      8.328437E-004      7.155331E-001      3.315690E-006      4.071014E-003      1.693211E-004      5.912943E-002      9.512091E-003      1.509926E+000      4.924657E-006      2.649339E-002      5.426172E-012      5.453893E-004
  4.50000E+002  9.15377E+001  9.15377E+001  8.14580E+001  0.00000E+000  0.00000E+000        PISN      1.217830E+002      1.125352E-003      2.193951E+002      6.710481E-008      7.976176E-010      1.306813E+001      9.666373E-003      2.708266E+000      9.091227E-005      5.073844E+001      1.442163E-004      1.249932E-003      1.391834E-005      4.511859E+000      5.162431E-004      3.552007E-001      7.588484E-002      4.457551E+000      3.727287E-002      3.635807E-002      5.860006E-003      4.996365E-002      2.011909E+001      2.064060E-002      1.422463E-003      8.088089E+000      1.154207E-003      1.172461E+000      7.452564E-004      8.548456E-001      3.397260E-006      5.620604E-003      2.237046E-004      9.152702E-002      1.390048E-002      2.349878E+000      5.216633E-006      3.124973E-002      5.832141E-012      6.277782E-004
  5.00000E+002  9.18206E+001  9.18206E+001  8.17148E+001  0.00000E+000  0.00000E+000        PISN      1.427631E+002      1.190113E-003      2.473932E+002      7.619455E-008      9.061823E-010      1.309814E+001      1.110410E-002      3.137400E+000      1.000186E-004      5.074173E+001      1.545846E-004      1.374040E-003      1.439030E-005      4.567429E+000      5.447522E-004      3.573379E-001      8.588196E-002      4.489630E+000      3.781992E-002      4.027103E-002      7.178029E-003      5.425036E-002      2.027712E+001      2.062950E-002      1.417385E-003      8.175513E+000      1.148164E-003      1.189945E+000      7.375677E-004      8.710564E-001      3.404086E-006      5.939232E-003      2.295357E-004      9.601662E-002      1.441560E-002      2.507929E+000      5.247247E-006      3.491578E-002      5.880689E-012      7.147944E-004
  5.50000E+002  9.17192E+001  9.17192E+001  8.15829E+001  0.00000E+000  0.00000E+000        PISN      1.657594E+002      1.259630E-003      2.738035E+002      8.579829E-008      1.027012E-009      1.312344E+001      1.256102E-002      3.572396E+000      1.094367E-004      5.075978E+001      1.627464E-004      9.507156E-004      1.484911E-005      4.632854E+000      5.812082E-004      3.575151E-001      9.565173E-002      4.511057E+000      3.783081E-002      4.413922E-002      8.636719E-003      5.835070E-002      2.026595E+001      2.063348E-002      1.419206E-003      8.165329E+000      1.150331E-003      1.188256E+000      7.403253E-004      8.694350E-001      3.401638E-006      6.053853E-003      2.274444E-004      9.551708E-002      1.423085E-002      2.535674E+000      5.236267E-006      3.836717E-002      5.863277E-012      8.024601E-004
  6.00000E+002  9.17628E+001  9.17628E+001  8.16335E+001  0.00000E+000  0.00000E+000        PISN      1.906373E+002      1.331030E-003      2.982402E+002      9.916326E-008      1.209450E-009      1.309400E+001      1.400503E-002      4.003061E+000      1.193017E-004      5.076217E+001      1.721542E-004      7.975671E-004      1.550889E-005      4.695015E+000      6.187412E-004      3.575794E-001      1.049781E-001      4.536492E+000      3.819923E-002      4.804170E-002      1.018664E-002      6.226500E-002      2.031862E+001      2.063177E-002      1.418423E-003      8.191978E+000      1.149399E-003      1.193801E+000      7.391401E-004      8.745427E-001      3.402690E-006      6.245408E-003      2.283432E-004      9.690025E-002      1.431025E-002      2.612577E+000      5.240986E-006      4.189824E-002      5.870760E-012      8.898475E-004
