# Initial composition Z = 0.014
# 0.00000E+000  0.00000E+000  0.00000E+000  0.00000E+000      7.129800E-001      2.470500E-005      2.729800E-001      1.006500E-008      1.518600E-010      2.517400E-003      3.050600E-005      6.791600E-004      1.670200E-006      6.159600E-003      2.486300E-006      1.389200E-005      4.627200E-007      1.307800E-003      3.291800E-006      1.057800E-004      3.297100E-005      4.833900E-004      6.374600E-005      7.299100E-005      0.000000E+000      5.342800E-005      6.684800E-004      3.130600E-005      5.993700E-006      3.110500E-004      7.521600E-006      6.731200E-005      3.379800E-006      6.160200E-005      4.462600E-008      3.363100E-006      3.417200E-007      1.631900E-005      9.048500E-006      1.240500E-003      3.289000E-006      7.002900E-005      6.915100E-007      1.746600E-006
# winds ejecta
           Min          Mfin          M_HE          M_CO                  H                HE3                HE4                LI7                BE7                C12                C13                N14                N15                O16                O17                O18                F19               NE20               NE21               NE22               NA23               MG24               MG25               MG26               AL26               AL27               SI28               SI29                  P                  S                 CL                 AR                  K                 CA                 SC                 TI                  V                 CR                 MN                 FE                 CO                 NI                 CU                 ZN
  1.40000E+001  1.33544E+001  4.62372E+000  2.72566E+000      4.394248E-001      2.212628E-005      1.970493E-001      1.270841E-009      6.223899E-014      1.027434E-003      5.989037E-005      1.590085E-003      5.315030E-007      3.412244E-003      2.083012E-006      6.333673E-006      2.530661E-007      8.428768E-004      3.746394E-006      5.733571E-005      3.281555E-005      3.121305E-004      3.667184E-005      5.167371E-005      2.076358E-009      3.462570E-005      4.316430E-004      0.000000E+000      0.000000E+000      2.008463E-004      0.000000E+000      4.346417E-005      0.000000E+000      3.977684E-005      0.000000E+000      2.171622E-006      0.000000E+000      1.053716E-005      0.000000E+000      8.010180E-004      0.000000E+000      4.521858E-005      0.000000E+000      1.127796E-006
  1.60000E+001  1.50099E+001  5.51296E+000  3.29349E+000      6.609658E-001      3.257053E-005      3.151724E-001      1.564531E-009      1.688946E-013      1.584649E-003      9.427643E-005      2.548676E-003      8.159071E-007      5.093784E-003      3.078999E-006      9.504193E-006      3.774177E-007      1.291543E-003      6.510133E-006      8.583901E-005      5.312196E-005      4.787417E-004      5.448359E-005      8.091905E-005      1.667745E-008      5.326817E-005      6.620463E-004      0.000000E+000      0.000000E+000      3.080539E-004      0.000000E+000      6.666445E-005      0.000000E+000      6.100891E-005      0.000000E+000      3.330790E-006      0.000000E+000      1.616168E-005      0.000000E+000      1.228585E-003      0.000000E+000      6.935534E-005      0.000000E+000      1.729791E-006
  1.80000E+001  1.62278E+001  6.65061E+000  4.09524E+000      1.033599E+000      2.234410E-005      7.137341E-001      1.832457E-009      5.364762E-013      1.103567E-003      7.899654E-005      9.318903E-003      7.562959E-007      6.124868E-003      6.438085E-006      6.332786E-006      4.186455E-007      2.299641E-003      2.049597E-005      9.679443E-005      1.605709E-004      8.574627E-004      7.059050E-005      1.712959E-004      1.534879E-007      9.701317E-005      1.185754E-003      0.000000E+000      0.000000E+000      5.517329E-004      0.000000E+000      1.193979E-004      0.000000E+000      1.092686E-004      0.000000E+000      5.965536E-006      0.000000E+000      2.894600E-005      0.000000E+000      2.200429E-003      0.000000E+000      1.242173E-004      0.000000E+000      3.098102E-006
  2.00000E+001  1.83726E+001  7.12691E+000  4.81237E+000      1.077872E+000      5.967301E-005      5.266634E-001      1.951975E-009      8.827395E-013      2.897419E-003      1.145882E-004      3.894055E-003      1.571920E-006      8.369709E-003      4.556003E-006      1.638551E-005      6.140062E-007      2.121482E-003      9.873762E-006      1.411856E-004      8.989792E-005      7.869511E-004      8.888757E-005      1.332994E-004      7.915732E-008      8.792944E-005      1.088262E-003      0.000000E+000      0.000000E+000      5.063733E-004      0.000000E+000      1.095818E-004      0.000000E+000      1.002853E-004      0.000000E+000      5.475090E-006      0.000000E+000      2.656626E-005      0.000000E+000      2.019525E-003      0.000000E+000      1.140050E-004      0.000000E+000      2.843398E-006
  2.20000E+001  1.91059E+001  8.26184E+000  5.62021E+000      2.038035E+000      1.388816E-004      8.153963E-001      2.107461E-009      2.630052E-013      6.775367E-003      2.267434E-004      2.848669E-003      3.390179E-006      1.733278E-002      7.335855E-006      3.811955E-005      1.298265E-006      3.782760E-003      1.072240E-005      2.971300E-004      1.063583E-004      1.399064E-003      1.799744E-004      2.156117E-004      2.244067E-008      1.549709E-004      1.934760E-003      0.000000E+000      0.000000E+000      9.002574E-004      0.000000E+000      1.948203E-004      0.000000E+000      1.782925E-004      0.000000E+000      9.733907E-006      0.000000E+000      4.723092E-005      0.000000E+000      3.590418E-003      0.000000E+000      2.026841E-004      0.000000E+000      5.055144E-006
  2.40000E+001  2.00675E+001  9.22898E+000  6.44679E+000      2.758131E+000      2.007329E-004      1.119068E+000      2.281665E-009      3.106989E-013      9.255982E-003      1.728158E-004      4.142407E-003      5.327814E-006      2.334175E-002      9.982603E-006      5.124374E-005      1.742448E-006      5.138804E-003      1.474974E-005      3.997725E-004      1.499019E-004      1.901062E-003      2.426314E-004      2.947166E-004      5.795293E-008      2.108075E-004      2.628970E-003      0.000000E+000      0.000000E+000      1.223277E-003      0.000000E+000      2.647234E-004      0.000000E+000      2.422654E-004      0.000000E+000      1.322651E-005      0.000000E+000      6.417775E-005      0.000000E+000      4.878690E-003      0.000000E+000      2.754089E-004      0.000000E+000      6.868971E-006
  2.60000E+001  2.09426E+001  1.02481E+001  7.38438E+000      3.529945E+000      2.444602E-004      1.456412E+000      2.463689E-009      4.174709E-013      1.169489E-002      2.809349E-004      5.815817E-003      5.682215E-006      2.967092E-002      1.266938E-005      6.500003E-005      2.214336E-006      6.607035E-003      1.930321E-005      5.079092E-004      2.012015E-004      2.444955E-003      3.088605E-004      3.819466E-004      1.080174E-007      2.714954E-004      3.381113E-003      0.000000E+000      0.000000E+000      1.573253E-003      0.000000E+000      3.404600E-004      0.000000E+000      3.115768E-004      0.000000E+000      1.701058E-005      0.000000E+000      8.253881E-005      0.000000E+000      6.274469E-003      0.000000E+000      3.542026E-004      0.000000E+000      8.834163E-006
  2.80000E+001  2.15142E+001  1.13515E+001  8.30671E+000      4.505994E+000      2.784719E-004      1.888696E+000      2.656434E-009      5.724555E-013      1.436363E-002      6.600169E-004      8.309435E-003      6.078445E-006      3.756015E-002      1.594778E-005      8.192055E-005      2.804690E-006      8.470802E-003      2.520363E-005      6.424688E-004      2.697092E-004      3.135574E-003      3.917375E-004      4.938412E-004      1.924113E-007      3.486707E-004      4.336161E-003      0.000000E+000      0.000000E+000      2.017641E-003      0.000000E+000      4.366279E-004      0.000000E+000      3.995861E-004      0.000000E+000      2.181546E-005      0.000000E+000      1.058531E-004      0.000000E+000      8.046783E-003      0.000000E+000      4.542522E-004      0.000000E+000      1.132950E-005
  3.00000E+001  2.03211E+001  1.23833E+001  9.23839E+000      6.593381E+000      4.139438E-004      2.949736E+000      2.843777E-009      7.194467E-013      2.042763E-002      6.972679E-004      1.645826E-002      9.965687E-006      5.313000E-002      2.321991E-005      1.146717E-004      3.944818E-006      1.262773E-002      4.172867E-005      9.054568E-004      4.707368E-004      4.679785E-003      5.580448E-004      7.618212E-004      5.946575E-007      5.230246E-004      6.471608E-003      0.000000E+000      0.000000E+000      3.011269E-003      0.000000E+000      6.516540E-004      0.000000E+000      5.963703E-004      0.000000E+000      3.255892E-005      0.000000E+000      1.579826E-004      0.000000E+000      1.200958E-002      0.000000E+000      6.779578E-004      0.000000E+000      1.690894E-005
  3.50000E+001  1.76223E+001  1.49221E+001  1.16591E+001      1.057812E+001      5.075063E-004      6.556883E+000      3.397301E-009      1.084589E-011      2.530596E-002      1.020746E-003      6.392021E-002      1.281808E-005      7.173361E-002      3.810897E-005      1.391161E-004      4.995430E-006      2.253658E-002      9.380298E-005      1.193855E-003      1.446450E-003      8.406914E-003      7.802290E-004      1.562791E-003      7.109391E-006      9.709770E-004      1.162547E-002      0.000000E+000      0.000000E+000      5.409287E-003      0.000000E+000      1.170598E-003      0.000000E+000      1.071289E-003      0.000000E+000      5.848716E-005      0.000000E+000      2.837917E-004      0.000000E+000      2.157339E-002      0.000000E+000      1.217848E-003      0.000000E+000      3.037434E-005
  4.00000E+001  1.48565E+001  1.48565E+001  1.23598E+001      1.153326E+001      4.878121E-004      1.315345E+001      3.933282E-009      1.611785E-009      8.740191E-002      8.515969E-004      1.487544E-001      1.576908E-005      1.013265E-001      2.561017E-005      1.236712E-004      4.156570E-006      3.216319E-002      1.411531E-004      2.767465E-003      3.388516E-003      1.217987E-002      7.063622E-004      2.588213E-003      2.373163E-005      1.591037E-003      1.683984E-002      0.000000E+000      0.000000E+000      7.835037E-003      0.000000E+000      1.695542E-003      0.000000E+000      1.551699E-003      0.000000E+000      8.471524E-005      0.000000E+000      4.110557E-004      0.000000E+000      3.124780E-002      0.000000E+000      1.763982E-003      0.000000E+000      4.399546E-005
  5.00000E+001  1.57878E+001  1.57878E+001  1.32110E+001      1.519188E+001      7.280114E-004      1.580223E+001      4.748252E-009      1.203707E-010      2.100030E+000      1.553067E-003      1.483774E-001      1.997123E-005      7.464498E-001      4.075726E-005      1.928268E-004      7.097552E-006      4.364677E-002      1.222421E-004      6.207878E-002      4.601387E-003      1.657704E-002      1.609583E-003      3.457766E-003      4.356746E-005      2.286548E-003      2.291685E-002      0.000000E+000      0.000000E+000      1.066216E-002      0.000000E+000      2.307345E-003      0.000000E+000      2.111600E-003      0.000000E+000      1.152831E-004      0.000000E+000      5.593771E-004      0.000000E+000      4.252296E-002      0.000000E+000      2.400480E-003      0.000000E+000      5.987037E-005
  6.00000E+001  1.91277E+001  1.91277E+001  1.62262E+001      1.748852E+001      8.035711E-004      1.936277E+001      5.717296E-009      9.881247E-011      2.598039E+000      1.995131E-003      1.891639E-001      2.373427E-005      9.612318E-001      4.311478E-005      2.049233E-004      7.666757E-006      5.201609E-002      1.292117E-004      7.940465E-002      5.874516E-003      1.980832E-002      2.159655E-003      4.238896E-003      7.558487E-005      2.817804E-003      2.738205E-002      0.000000E+000      0.000000E+000      1.273935E-002      0.000000E+000      2.756860E-003      0.000000E+000      2.522979E-003      0.000000E+000      1.377424E-004      0.000000E+000      6.683545E-004      0.000000E+000      5.080724E-002      0.000000E+000      2.868140E-003      0.000000E+000      7.153425E-005
  7.00000E+001  2.16774E+001  2.16774E+001  1.86752E+001      1.969712E+001      8.384139E-004      2.333866E+001      6.680770E-009      3.337552E-011      3.412588E+000      1.147094E-003      2.326045E-001      2.775614E-005      1.306580E+000      4.704108E-005      2.072703E-004      8.037204E-006      6.133886E-002      1.358705E-004      1.084594E-001      7.419990E-003      2.342537E-002      2.934336E-003      5.153418E-003      1.116440E-004      3.445020E-003      3.237993E-002      0.000000E+000      0.000000E+000      1.506426E-002      0.000000E+000      3.259983E-003      0.000000E+000      2.983419E-003      0.000000E+000      1.628802E-004      0.000000E+000      7.903281E-004      0.000000E+000      6.007948E-002      0.000000E+000      3.391571E-003      0.000000E+000      8.458915E-005
  8.00000E+001  2.38326E+001  2.38326E+001  2.07385E+001      2.192092E+001      8.903462E-004      2.817359E+001      7.689441E-009      1.156202E-011      3.911414E+000      1.305341E-003      2.798457E-001      3.097967E-005      1.483903E+000      4.992409E-005      2.194440E-004      8.668296E-006      7.111990E-002      1.396570E-004      1.313264E-001      9.011600E-003      2.723182E-002      3.532355E-003      6.005726E-003      1.638752E-004      4.122111E-003      3.764018E-002      0.000000E+000      0.000000E+000      1.751114E-002      0.000000E+000      3.789502E-003      0.000000E+000      3.468016E-003      0.000000E+000      1.893368E-004      0.000000E+000      9.187010E-004      0.000000E+000      6.983818E-002      0.000000E+000      3.942463E-003      0.000000E+000      9.832895E-005
  8.50000E+001  2.51298E+001  2.51298E+001  2.08345E+001      2.307379E+001      8.941639E-004      3.045466E+001      1.775274E-009      2.857233E-011      4.057084E+000      1.377307E-003      3.063870E-001      3.210853E-005      1.558190E+000      5.178959E-005      2.198322E-004      8.755053E-006      7.575194E-002      1.422478E-004      1.388928E-001      9.786716E-003      2.903027E-002      3.852902E-003      6.417005E-003      1.945361E-004      4.440365E-003      4.012526E-002      0.000000E+000      0.000000E+000      1.866711E-002      0.000000E+000      4.039659E-003      0.000000E+000      3.696950E-003      0.000000E+000      2.018355E-004      0.000000E+000      9.793474E-004      0.000000E+000      7.444843E-002      0.000000E+000      4.202718E-003      0.000000E+000      1.048200E-004
  9.00000E+001  2.63070E+001  2.63070E+001  2.20139E+001      2.417101E+001      9.122104E-004      3.286954E+001      1.941165E-009      2.516242E-011      4.231281E+000      1.464093E-003      3.319489E-001      3.329880E-005      1.642470E+000      5.295451E-005      2.242494E-004      8.983117E-006      8.051680E-002      1.441539E-004      1.474687E-001      1.058025E-002      3.088614E-002      4.192907E-003      6.830745E-003      2.265252E-004      4.780783E-003      4.268951E-002      0.000000E+000      0.000000E+000      1.985988E-002      0.000000E+000      4.297779E-003      0.000000E+000      3.933173E-003      0.000000E+000      2.147321E-004      0.000000E+000      1.041924E-003      0.000000E+000      7.920543E-002      0.000000E+000      4.471258E-003      0.000000E+000      1.115176E-004
  9.50000E+001  2.74420E+001  2.74420E+001  2.30379E+001      2.524189E+001      9.198492E-004      3.537659E+001      2.200749E-009      2.313720E-011      4.390735E+000      1.552224E-003      3.589056E-001      3.413714E-005      1.716405E+000      5.447764E-005      2.261483E-004      9.128176E-006      8.532560E-002      1.458982E-004      1.558472E-001      1.140253E-002      3.276269E-002      4.512000E-003      7.237801E-003      2.598604E-004      5.132110E-003      4.528224E-002      0.000000E+000      0.000000E+000      2.106587E-002      0.000000E+000      4.558762E-003      0.000000E+000      4.172015E-003      0.000000E+000      2.277717E-004      0.000000E+000      1.105195E-003      0.000000E+000      8.401518E-002      0.000000E+000      4.742774E-003      0.000000E+000      1.182895E-004
  1.00000E+002  2.84318E+001  2.84318E+001  2.42590E+001      2.631299E+001      9.323187E-004      3.806908E+001      2.246943E-009      1.885240E-011      4.520130E+000      1.652513E-003      3.877671E-001      3.503949E-005      1.779060E+000      5.592758E-005      2.291362E-004      9.293954E-006      9.030677E-002      1.475082E-004      1.626118E-001      1.225804E-002      3.470997E-002      4.798204E-003      7.642338E-003      2.961145E-004      5.501367E-003      4.797259E-002      0.000000E+000      0.000000E+000      2.231725E-002      0.000000E+000      4.829568E-003      0.000000E+000      4.419847E-003      0.000000E+000      2.413022E-004      0.000000E+000      1.170848E-003      0.000000E+000      8.900597E-002      0.000000E+000      5.024512E-003      0.000000E+000      1.253163E-004
  1.10000E+002  3.06025E+001  3.06025E+001  2.58532E+001      2.848933E+001      9.692273E-004      4.325260E+001      2.757961E-009      2.013494E-011      4.751575E+000      1.862353E-003      4.451131E-001      3.709937E-005      1.912335E+000      5.771380E-005      2.384312E-004      9.705030E-006      1.000398E-001      1.511888E-004      1.729199E-001      1.391366E-002      3.851199E-002      5.438075E-003      8.438315E-003      3.735288E-004      6.224794E-003      5.322476E-002      0.000000E+000      0.000000E+000      2.476021E-002      0.000000E+000      5.358237E-003      0.000000E+000      4.903666E-003      0.000000E+000      2.677163E-004      0.000000E+000      1.299015E-003      0.000000E+000      9.874902E-002      0.000000E+000      5.574520E-003      0.000000E+000      1.390341E-004
  1.20000E+002  3.29368E+001  3.29368E+001  2.79472E+001      3.064738E+001      9.593233E-004      4.827175E+001      3.177100E-009      2.219156E-011      4.985567E+000      2.053207E-003      5.048933E-001      3.779095E-005      2.060152E+000      6.118735E-005      2.362431E-004      9.732039E-006      1.095730E-001      1.545523E-004      1.833965E-001      1.558738E-002      4.223509E-002      6.188643E-003      9.239190E-003      4.596426E-004      6.940724E-003      5.836711E-002      0.000000E+000      0.000000E+000      2.715207E-002      0.000000E+000      5.875848E-003      0.000000E+000      5.377364E-003      0.000000E+000      2.935780E-004      0.000000E+000      1.424501E-003      0.000000E+000      1.082883E-001      0.000000E+000      6.113024E-003      0.000000E+000      1.524649E-004
  1.30000E+002  3.49245E+001  3.49245E+001  2.97619E+001      3.287196E+001      9.695228E-004      5.363144E+001      3.536440E-009      2.385536E-011      5.176311E+000      2.270292E-003      5.684210E-001      3.909567E-005      2.188074E+000      6.310711E-005      2.387856E-004      9.936017E-006      1.195263E-001      1.582154E-004      1.912092E-001      1.733891E-002      4.612677E-002      6.882447E-003      1.004245E-002      5.586799E-004      7.693419E-003      6.374210E-002      0.000000E+000      0.000000E+000      2.965212E-002      0.000000E+000      6.416870E-003      0.000000E+000      5.872489E-003      0.000000E+000      3.206093E-004      0.000000E+000      1.555662E-003      0.000000E+000      1.182590E-001      0.000000E+000      6.675884E-003      0.000000E+000      1.665032E-004
  1.40000E+002  3.68114E+001  3.68114E+001  3.14948E+001      3.516119E+001      9.454946E-004      5.905061E+001      4.320164E-009      3.213300E-011      5.350110E+000      2.481707E-003      6.353623E-001      3.950935E-005      2.306879E+000      6.751440E-005      2.332529E-004      9.784778E-006      1.296068E-001      1.617931E-004      1.979511E-001      1.912060E-002      5.006735E-002      7.564519E-003      1.084198E-002      6.661590E-004      8.456005E-003      6.918456E-002      0.000000E+000      0.000000E+000      3.218353E-002      0.000000E+000      6.964682E-003      0.000000E+000      6.373826E-003      0.000000E+000      3.479799E-004      0.000000E+000      1.688470E-003      0.000000E+000      1.283548E-001      0.000000E+000      7.245808E-003      0.000000E+000      1.807177E-004
  1.50000E+002  3.90770E+001  3.90770E+001  3.35251E+001      3.744530E+001      9.558363E-004      6.406589E+001      4.667477E-009      3.378699E-011      5.552301E+000      2.688429E-003      6.956058E-001      4.079847E-005      2.434289E+000      6.994401E-005      2.358832E-004      1.001092E-005      1.392293E-001      1.653971E-004      2.062960E-001      2.078490E-002      5.382393E-002      8.339831E-003      1.161530E-002      7.761061E-004      9.186141E-003      7.437252E-002      0.000000E+000      0.000000E+000      3.459656E-002      0.000000E+000      7.486873E-003      0.000000E+000      6.851717E-003      0.000000E+000      3.740704E-004      0.000000E+000      1.815066E-003      0.000000E+000      1.379785E-001      0.000000E+000      7.789078E-003      0.000000E+000      1.942673E-004
  1.60000E+002  4.09971E+001  4.09971E+001  3.53295E+001      3.979754E+001      9.404623E-004      6.941122E+001      5.271530E-009      3.898425E-011      5.717825E+000      2.927658E-003      7.611279E-001      4.142217E-005      2.539687E+000      7.402641E-005      2.320358E-004      1.008981E-005      1.492705E-001      1.691524E-004      2.138188E-001      2.254341E-002      5.774832E-002      9.023288E-003      1.239206E-002      8.970200E-004      9.949855E-003      7.979233E-002      0.000000E+000      0.000000E+000      3.711743E-002      0.000000E+000      8.032402E-003      0.000000E+000      7.350965E-003      0.000000E+000      4.013270E-004      0.000000E+000      1.947321E-003      0.000000E+000      1.480322E-001      0.000000E+000      8.356626E-003      0.000000E+000      2.084226E-004
  1.70000E+002  4.29879E+001  4.29879E+001  3.71997E+001      4.220163E+001      9.415459E-004      7.464535E+001      6.120656E-009      4.807901E-011      5.871277E+000      3.132203E-003      8.257015E-001      4.259428E-005      2.648532E+000      7.746763E-005      2.326608E-004      1.034333E-005      1.592375E-001      1.730732E-004      2.199084E-001      2.426771E-002      6.163837E-002      9.774918E-003      1.316597E-002      1.022386E-003      1.070629E-002      8.516441E-002      0.000000E+000      0.000000E+000      3.961609E-002      0.000000E+000      8.573126E-003      0.000000E+000      7.845816E-003      0.000000E+000      4.283435E-004      0.000000E+000      2.078410E-003      0.000000E+000      1.579974E-001      0.000000E+000      8.919176E-003      0.000000E+000      2.224531E-004
  1.80000E+002  4.49606E+001  4.49606E+001  3.89432E+001      4.459331E+001      9.293557E-004      7.990786E+001      6.617015E-009      5.150599E-011      6.021259E+000      3.378931E-003      8.919886E-001      4.335744E-005      2.761087E+000      8.022584E-005      2.296257E-004      1.025888E-005      1.692251E-001      1.764988E-004      2.259448E-001      2.602466E-002      6.553766E-002      1.057097E-002      1.394586E-002      1.155885E-003      1.147040E-002      9.054876E-002      0.000000E+000      0.000000E+000      4.212044E-002      0.000000E+000      9.115080E-003      0.000000E+000      8.341793E-003      0.000000E+000      4.554213E-004      0.000000E+000      2.209798E-003      0.000000E+000      1.679853E-001      0.000000E+000      9.483006E-003      0.000000E+000      2.365156E-004
  1.90000E+002  4.72523E+001  4.72523E+001  4.09934E+001      4.700989E+001      9.358968E-004      8.478773E+001      7.593157E-009      6.198135E-011      6.196930E+000      3.593069E-003      9.529008E-001      4.465073E-005      2.892086E+000      8.242633E-005      2.316986E-004      1.046570E-005      1.788394E-001      1.800582E-004      2.333206E-001      2.767621E-002      6.928207E-002      1.151896E-002      1.472046E-002      1.288383E-003      1.220385E-002      9.571862E-002      0.000000E+000      0.000000E+000      4.452502E-002      0.000000E+000      9.635443E-003      0.000000E+000      8.818011E-003      0.000000E+000      4.814206E-004      0.000000E+000      2.335951E-003      0.000000E+000      1.775753E-001      0.000000E+000      1.002437E-002      0.000000E+000      2.500178E-004
  2.00000E+002  4.94586E+001  4.94586E+001  4.30224E+001      4.944819E+001      9.298567E-004      8.973829E+001      8.491656E-009      7.110972E-011      6.367124E+000      3.814957E-003      1.015477E+000      4.557368E-005      3.019364E+000      8.535034E-005      2.303270E-004      1.060484E-005      1.885591E-001      1.835795E-004      2.407670E-001      2.935387E-002      7.306813E-002      1.246975E-002      1.549758E-002      1.427097E-003      1.294802E-002      1.009458E-001      0.000000E+000      0.000000E+000      4.695624E-002      0.000000E+000      1.016157E-002      0.000000E+000      9.299504E-003      0.000000E+000      5.077077E-004      0.000000E+000      2.463502E-003      0.000000E+000      1.872715E-001      0.000000E+000      1.057174E-002      0.000000E+000      2.636697E-004
  2.10000E+002  5.14009E+001  5.14009E+001  4.47958E+001      5.199848E+001      9.400500E-004      9.488214E+001      1.011662E-008      9.135285E-011      6.513774E+000      4.026334E-003      1.079405E+000      4.715047E-005      3.126747E+000      8.704284E-005      6.536205E-004      1.100420E-005      1.985997E-001      1.873858E-004      2.475127E-001      3.108340E-002      7.698175E-002      1.329514E-002      1.626660E-002      1.572091E-003      1.371241E-002      1.063497E-001      0.000000E+000      0.000000E+000      4.946972E-002      0.000000E+000      1.070550E-002      0.000000E+000      9.797289E-003      0.000000E+000      5.348844E-004      0.000000E+000      2.595369E-003      0.000000E+000      1.972958E-001      0.000000E+000      1.113762E-002      0.000000E+000      2.777834E-004
  2.20000E+002  5.38468E+001  5.38468E+001  4.69907E+001      5.431110E+001      9.436649E-004      9.972231E+001      9.641845E-009      7.938407E-011      6.686124E+000      4.188936E-003      1.140337E+000      4.829715E-005      3.250725E+000      8.842274E-005      7.445722E-004      1.070874E-005      2.080114E-001      1.898572E-004      2.551582E-001      3.274162E-002      8.065231E-002      1.430737E-002      1.701907E-002      1.719364E-003      1.445176E-002      1.114166E-001      0.000000E+000      0.000000E+000      5.182630E-002      0.000000E+000      1.121548E-002      0.000000E+000      1.026400E-002      0.000000E+000      5.603646E-004      0.000000E+000      2.719004E-003      0.000000E+000      2.066944E-001      0.000000E+000      1.166819E-002      0.000000E+000      2.910162E-004
  2.30000E+002  5.58827E+001  5.58827E+001  4.89134E+001      5.685179E+001      9.498614E-004      1.047952E+002      1.123386E-008      9.822694E-011      6.827022E+000      4.408673E-003      1.204887E+000      4.970065E-005      3.351904E+000      8.993915E-005      4.331259E-004      1.077494E-005      2.179390E-001      1.933357E-004      2.613996E-001      3.445754E-002      8.452091E-002      1.516866E-002      1.777547E-002      1.871278E-003      1.521383E-002      1.167578E-001      0.000000E+000      0.000000E+000      5.431057E-002      0.000000E+000      1.175309E-002      0.000000E+000      1.075600E-002      0.000000E+000      5.872254E-004      0.000000E+000      2.849338E-003      0.000000E+000      2.166022E-001      0.000000E+000      1.222749E-002      0.000000E+000      3.049659E-004
  2.40000E+002  5.80628E+001  5.80628E+001  5.09345E+001      5.942774E+001      9.415659E-004      1.096835E+002      1.354690E-008      1.277143E-010      6.970753E+000      4.629912E-003      1.268051E+000      5.070989E-005      3.456687E+000      9.283727E-005      4.720019E-004      1.082169E-005      2.277041E-001      1.970108E-004      2.678861E-001      3.612002E-002      8.831931E-002      1.609282E-002      1.852976E-002      2.021540E-003      1.595890E-002      1.220018E-001      0.000000E+000      0.000000E+000      5.674966E-002      0.000000E+000      1.228092E-002      0.000000E+000      1.123905E-002      0.000000E+000      6.135977E-004      0.000000E+000      2.977302E-003      0.000000E+000      2.263298E-001      0.000000E+000      1.277663E-002      0.000000E+000      3.186619E-004
  2.50000E+002  6.00999E+001  6.00999E+001  5.27370E+001      6.195513E+001      9.475252E-004      1.147792E+002      1.426954E-008      1.330813E-010      7.101738E+000      4.858629E-003      1.332761E+000      5.203582E-005      3.556656E+000      9.444066E-005      4.864418E-004      1.134284E-005      2.376317E-001      2.003765E-004      2.739131E-001      3.784159E-002      9.218794E-002      1.700169E-002      1.928585E-002      2.179856E-003      1.672782E-002      1.273423E-001      0.000000E+000      0.000000E+000      5.923356E-002      0.000000E+000      1.281845E-002      0.000000E+000      1.173098E-002      0.000000E+000      6.404545E-004      0.000000E+000      3.107617E-003      0.000000E+000      2.362361E-001      0.000000E+000      1.333586E-002      0.000000E+000      3.326095E-004
  2.60000E+002  6.18537E+001  6.18537E+001  5.43567E+001      6.487237E+001      9.733524E-004      1.198069E+002      2.212166E-008      2.454120E-010      7.207251E+000      5.077568E-003      1.395143E+000      5.457931E-005      3.645972E+000      9.735463E-005      5.719959E-004      1.128337E-005      2.479518E-001      2.058524E-004      2.788279E-001      3.949956E-002      9.619207E-002      1.783394E-002      2.003918E-002      2.331900E-003      1.749063E-002      1.328711E-001      0.000000E+000      0.000000E+000      6.180517E-002      0.000000E+000      1.337496E-002      0.000000E+000      1.224028E-002      0.000000E+000      6.682597E-004      0.000000E+000      3.242533E-003      0.000000E+000      2.464922E-001      0.000000E+000      1.391483E-002      0.000000E+000      3.470497E-004
  2.70000E+002  6.37932E+001  6.37932E+001  5.60742E+001      6.746314E+001      9.913989E-004      1.249428E+002      2.366824E-008      2.631382E-010      7.331251E+000      5.309137E-003      1.459684E+000      5.631185E-005      3.747091E+000      9.866450E-005      3.642214E-004      1.153160E-005      2.580083E-001      2.096247E-004      2.845911E-001      4.122568E-002      1.001082E-001      1.878031E-002      2.079855E-002      2.493714E-003      1.826998E-002      1.382769E-001      0.000000E+000      0.000000E+000      6.431944E-002      0.000000E+000      1.391906E-002      0.000000E+000      1.273822E-002      0.000000E+000      6.954449E-004      0.000000E+000      3.374441E-003      0.000000E+000      2.565197E-001      0.000000E+000      1.448089E-002      0.000000E+000      3.611679E-004
  2.80000E+002  6.56841E+001  6.56841E+001  5.77903E+001      7.024474E+001      9.790182E-004      1.299594E+002      2.781251E-008      3.194703E-010      7.442002E+000      5.530638E-003      1.525356E+000      5.741473E-005      3.837738E+000      1.027903E-004      4.729001E-004      1.153579E-005      2.681431E-001      2.135649E-004      2.896639E-001      4.291905E-002      1.040467E-001      1.965751E-002      2.155031E-002      2.654552E-003      1.903598E-002      1.437143E-001      0.000000E+000      0.000000E+000      6.684847E-002      0.000000E+000      1.446635E-002      0.000000E+000      1.323908E-002      0.000000E+000      7.227897E-004      0.000000E+000      3.507124E-003      0.000000E+000      2.666060E-001      0.000000E+000      1.505028E-002      0.000000E+000      3.753689E-004
  2.90000E+002  6.79946E+001  6.79946E+001  5.99591E+001      7.283220E+001      9.726514E-004      1.346929E+002      3.097621E-008      3.606233E-010      7.586424E+000      5.744769E-003      1.587021E+000      5.852781E-005      3.957571E+000      1.061535E-004      4.390162E-004      1.163486E-005      2.777697E-001      2.169436E-004      2.952444E-001      4.453406E-002      1.077832E-001      2.080967E-002      2.231003E-002      2.811030E-003      1.978069E-002      1.488708E-001      0.000000E+000      0.000000E+000      6.924678E-002      0.000000E+000      1.498536E-002      0.000000E+000      1.371406E-002      0.000000E+000      7.487211E-004      0.000000E+000      3.632948E-003      0.000000E+000      2.761710E-001      0.000000E+000      1.559024E-002      0.000000E+000      3.888360E-004
  3.00000E+002  6.97040E+001  6.97040E+001  6.15423E+001      7.555130E+001      9.880470E-004      1.399797E+002      3.239991E-008      3.760722E-010      7.681811E+000      5.986723E-003      1.655091E+000      6.024225E-005      4.035495E+000      1.075896E-004      4.615095E-004      1.178104E-005      2.881015E-001      2.208070E-004      2.990780E-001      4.630981E-002      1.118104E-001      2.160957E-002      2.305758E-002      2.983501E-003      2.057754E-002      1.544305E-001      0.000000E+000      0.000000E+000      7.183268E-002      0.000000E+000      1.554496E-002      0.000000E+000      1.422619E-002      0.000000E+000      7.766808E-004      0.000000E+000      3.768615E-003      0.000000E+000      2.864841E-001      0.000000E+000      1.617243E-002      0.000000E+000      4.033564E-004
  3.50000E+002  8.00321E+001  8.00321E+001  7.09186E+001      8.892709E+001      1.012658E-003      1.646243E+002      4.407666E-008      5.179116E-010      8.299246E+000      7.097897E-003      1.971313E+000      6.734878E-005      4.532370E+000      1.205979E-004      8.921618E-004      1.305748E-005      3.376969E-001      2.384985E-004      3.291751E-001      5.467801E-002      1.310862E-001      2.679217E-002      2.681089E-002      3.817452E-003      2.442985E-002      1.810337E-001      0.000000E+000      0.000000E+000      8.420596E-002      0.000000E+000      1.822260E-002      0.000000E+000      1.667667E-002      0.000000E+000      9.104652E-004      0.000000E+000      4.417764E-003      0.000000E+000      3.358314E-001      0.000000E+000      1.895815E-002      0.000000E+000      4.728351E-004
  4.00000E+002  8.85988E+001  8.85988E+001  7.87500E+001      1.036060E+002      1.065846E-003      1.900092E+002      5.659878E-008      6.719080E-010      8.741491E+000      8.298209E-003      2.309444E+000      7.534645E-005      4.904929E+000      1.324680E-004      8.001064E-004      1.386497E-005      3.895109E-001      2.588110E-004      3.483614E-001      6.333094E-002      1.512112E-001      3.115004E-002      3.055378E-002      4.730200E-003      2.837732E-002      2.088138E-001      0.000000E+000      0.000000E+000      9.712694E-002      0.000000E+000      2.101877E-002      0.000000E+000      1.923562E-002      0.000000E+000      1.050171E-003      0.000000E+000      5.095647E-003      0.000000E+000      3.873630E-001      0.000000E+000      2.186718E-002      0.000000E+000      5.453893E-004
  4.50000E+002  9.15377E+001  9.15377E+001  8.14580E+001      1.217830E+002      1.125352E-003      2.179818E+002      6.710481E-008      7.976176E-010      8.882308E+000      9.665863E-003      2.708232E+000      8.447391E-005      5.049060E+000      1.436401E-004      1.249155E-003      1.390356E-005      4.483516E-001      2.864431E-004      3.551780E-001      7.302300E-002      1.740489E-001      3.295325E-002      3.439481E-002      5.860006E-003      3.260807E-002      2.403574E-001      0.000000E+000      0.000000E+000      1.117994E-001      0.000000E+000      2.419396E-002      0.000000E+000      2.214144E-002      0.000000E+000      1.208815E-003      0.000000E+000      5.865418E-003      0.000000E+000      4.458798E-001      0.000000E+000      2.517054E-002      0.000000E+000      6.277782E-004
  5.00000E+002  9.18206E+001  9.18206E+001  8.17148E+001      1.427631E+002      1.190113E-003      2.459794E+002      7.619455E-008      9.061823E-010      8.916795E+000      1.110360E-002      3.137366E+000      9.358243E-005      5.091484E+000      1.540116E-004      1.373263E-003      1.437541E-005      5.106697E-001      3.188545E-004      3.573152E-001      8.302349E-002      1.981601E-001      3.346913E-002      3.829983E-002      7.178029E-003      3.686630E-002      2.736708E-001      0.000000E+000      0.000000E+000      1.272958E-001      0.000000E+000      2.754748E-002      0.000000E+000      2.521046E-002      0.000000E+000      1.376369E-003      0.000000E+000      6.678422E-003      0.000000E+000      5.076830E-001      0.000000E+000      2.865942E-002      0.000000E+000      7.147944E-004
  5.50000E+002  9.17192E+001  9.17192E+001  8.15829E+001      1.657594E+002      1.259630E-003      2.723900E+002      8.579829E-008      1.027012E-009      8.940495E+000      1.256052E-002      3.572362E+000      1.029998E-004      5.095491E+000      1.621722E-004      9.499387E-004      1.483425E-005      5.736753E-001      3.539109E-004      3.574924E-001      9.279205E-002      2.224448E-001      3.349121E-002      4.217086E-002      8.636719E-003      4.097685E-002      3.072316E-001      0.000000E+000      0.000000E+000      1.429080E-001      0.000000E+000      3.092603E-002      0.000000E+000      2.830238E-002      0.000000E+000      1.545173E-003      0.000000E+000      7.497495E-003      0.000000E+000      5.699477E-001      0.000000E+000      3.217434E-002      0.000000E+000      8.024600E-004
  6.00000E+002  9.17628E+001  9.17628E+001  8.16335E+001      1.906373E+002      1.331030E-003      2.968265E+002      9.916326E-008      1.209450E-009      8.911739E+000      1.400453E-002      4.003027E+000      1.128651E-004      5.103912E+000      1.715806E-004      7.967904E-004      1.549402E-005      6.368760E-001      3.920454E-004      3.575567E-001      1.021189E-001      2.466515E-001      3.385482E-002      4.607212E-002      1.018664E-002      4.488677E-002      3.406846E-001      0.000000E+000      0.000000E+000      1.584706E-001      0.000000E+000      3.429385E-002      0.000000E+000      3.138450E-002      0.000000E+000      1.713441E-003      0.000000E+000      8.313968E-003      0.000000E+000      6.320146E-001      0.000000E+000      3.567811E-002      0.000000E+000      8.898475E-004
