# Initial composition Z = 0.02
# 0.00000E+000  0.00000E+000  0.00000E+000  0.00000E+000  0.00000E+000  0.00000E+000          SN      6.959800E-001      2.570000E-005      2.839700E-001      1.088100E-008      2.169400E-010      3.596300E-003      4.358000E-005      9.702300E-004      2.386000E-006      8.799400E-003      3.551900E-006      1.984600E-005      6.610300E-007      1.868300E-003      4.702600E-006      1.511100E-004      4.710200E-005      6.905500E-004      9.106500E-005      1.042700E-004      0.000000E+000      7.632600E-005      9.549600E-004      4.472300E-005      8.562400E-006      4.443500E-004      1.074500E-005      9.616000E-005      4.828300E-006      8.800200E-005      6.375200E-008      4.804500E-006      4.881800E-007      2.331200E-005      1.292600E-005      1.772200E-003      4.698500E-006      1.000400E-004      9.878700E-007      2.495100E-006
# total ejecta
           Min          Mfin          M_HE          M_CO          Mrem          Mbar         SNT                  H                HE3                HE4                LI7                BE7                C12                C13                N14                N15                O16                O17                O18                F19               NE20               NE21               NE22               NA23               MG24               MG25               MG26               AL26               AL27               SI28               SI29                  P                  S                 CL                 AR                  K                 CA                 SC                 TI                  V                 CR                 MN                 FE                 CO                 NI                 CU                 ZN
  1.40000E+001  1.31020E+001  4.60254E+000  2.69116E+000  1.49380E+000  1.66116E+000        CCSN      6.266951E+000      2.982743E-004      4.651088E+000      1.482560E-009      1.291386E-013      2.146233E-001      1.339330E-003      5.174078E-002      1.059549E-005      6.126925E-001      5.514435E-005      3.758961E-003      5.614819E-006      1.062362E-001      1.737061E-004      1.326701E-002      3.121917E-003      4.878574E-002      4.363314E-003      6.242205E-003      8.789510E-007      4.223285E-003      1.362003E-001      3.383296E-003      0.000000E+000      6.591477E-002      2.116959E-004      1.153091E-002      8.049496E-005      8.433980E-003      2.658993E-006      2.080527E-004      2.957727E-005      2.353402E-003      1.205690E-003      1.066870E-001      2.561594E-004      5.905712E-003      5.959835E-005      6.735286E-005
  1.60000E+001  1.47777E+001  5.43757E+000  3.39650E+000  1.48753E+000  1.65349E+000        CCSN      7.109225E+000      4.005144E-004      5.077173E+000      1.830690E-009      2.107364E-012      2.654259E-001      7.178894E-004      5.051054E-002      1.833423E-005      9.861896E-001      6.499875E-005      4.471520E-003      7.386303E-006      3.214245E-001      3.366935E-004      2.087347E-002      8.102024E-003      9.206542E-002      1.109273E-002      1.239893E-002      2.668783E-006      1.159693E-002      1.476393E-001      4.289660E-003      0.000000E+000      6.826378E-002      2.470520E-004      1.182161E-002      9.505888E-005      8.609554E-003      4.411589E-006      2.110998E-004      3.019402E-005      2.277303E-003      1.183066E-003      1.103771E-001      4.023793E-004      6.551484E-003      1.225910E-004      1.015845E-004
  1.80000E+001  1.48400E+001  6.36976E+000  4.03371E+000  1.48187E+000  1.64656E+000        CCSN      7.163114E+000      2.364023E-004      6.356646E+000      2.058487E-009      1.587878E-012      3.030506E-001      1.823619E-003      7.369232E-002      1.149477E-005      1.309881E+000      7.085302E-005      5.567476E-003      8.367928E-006      5.160987E-001      5.015883E-004      2.930342E-002      1.289835E-002      1.312700E-001      1.706655E-002      1.809998E-002      7.984925E-006      1.827556E-002      1.581098E-001      5.115418E-003      0.000000E+000      7.047935E-002      2.796891E-004      1.210345E-002      1.097596E-004      8.775671E-003      5.999385E-006      2.128364E-004      3.084096E-005      2.207747E-003      1.166823E-003      1.139079E-001      5.353456E-004      7.155168E-003      1.801221E-004      1.318833E-004
  2.00000E+001  1.77441E+001  7.10422E+000  4.85281E+000  1.54937E+000  1.72941E+000        CCSN      8.252442E+000      4.195727E-004      6.364050E+000      2.283036E-009      3.772731E-011      4.279861E-001      1.272852E-003      6.356423E-002      1.784196E-005      1.817436E+000      7.396350E-005      3.932178E-003      1.025220E-005      6.135911E-001      6.593859E-004      3.011402E-002      1.804906E-002      1.331476E-001      2.034696E-002      2.395536E-002      5.237294E-006      2.419029E-002      1.966451E-001      5.627139E-003      0.000000E+000      9.559070E-002      4.403680E-004      1.742483E-002      2.225916E-004      1.183786E-002      1.035982E-005      2.904154E-004      3.422026E-005      2.258897E-003      1.177765E-003      1.167380E-001      7.349458E-004      7.990396E-003      3.201956E-004      2.197885E-004
  2.20000E+001  1.86759E+001  8.09243E+000  5.66523E+000  1.62149E+000  1.81868E+000        CCSN      8.608389E+000      4.322620E-004      7.076554E+000      2.500462E-009      4.749797E-011      5.742509E-001      1.076336E-003      6.705414E-002      1.898657E-005      2.311947E+000      7.762030E-005      3.570769E-003      1.507978E-005      6.984337E-001      8.362618E-004      4.635609E-002      2.342775E-002      1.312575E-001      2.313049E-002      2.978530E-002      6.717087E-006      2.986450E-002      2.350501E-001      6.104587E-003      0.000000E+000      1.221223E-001      6.067179E-004      2.339128E-002      3.313346E-004      1.576051E-002      1.491555E-005      3.196761E-004      4.197868E-005      2.981746E-003      1.587890E-003      1.270345E-001      8.452684E-004      7.109962E-003      4.627752E-004      2.803853E-004
  2.40000E+001  1.94133E+001  9.10986E+000  6.53761E+000  1.61499E+000  1.81060E+000        CCSN      9.081441E+000      4.218568E-004      7.730654E+000      2.740951E-009      6.490679E-011      5.926457E-001      1.611392E-003      7.962693E-002      1.755723E-005      2.913475E+000      7.651000E-005      2.523808E-003      1.541764E-005      9.192504E-001      9.296698E-004      4.515838E-002      3.001641E-002      1.631150E-001      2.664521E-002      3.850936E-002      8.059687E-006      4.044413E-002      2.282132E-001      6.978144E-003      0.000000E+000      1.140105E-001      6.184966E-004      2.138658E-002      2.909819E-004      1.482546E-002      1.682147E-005      3.342438E-004      4.086825E-005      3.024643E-003      1.534050E-003      1.216397E-001      9.500360E-004      7.235037E-003      5.654636E-004      4.032165E-004
  2.60000E+001  1.96488E+001  1.00947E+001  7.35660E+000  1.91488E+001  1.96488E+001         FSN      4.096955E+000      2.520617E-004      2.127099E+000      2.907907E-009      6.084102E-012      1.700522E-002      4.780835E-004      2.052590E-002      8.949827E-006      4.708045E-002      2.356849E-005      9.362640E-005      3.469843E-006      1.183743E-002      4.735763E-005      7.970975E-004      4.884457E-004      4.387525E-003      5.020922E-004      7.364001E-004      1.255899E-006      4.894282E-004      6.067450E-003      0.000000E+000      0.000000E+000      2.823215E-003      0.000000E+000      6.109581E-004      0.000000E+000      5.591269E-004      0.000000E+000      3.052561E-005      0.000000E+000      1.481165E-004      0.000000E+000      1.125958E-002      0.000000E+000      6.356192E-004      0.000000E+000      1.585297E-005
  2.80000E+001  1.94083E+001  1.11638E+001  8.27503E+000  1.89083E+001  1.94083E+001         FSN      5.458364E+000      3.138946E-004      2.961500E+000      3.127626E-009      1.288269E-012      2.217085E-002      8.110455E-004      3.063381E-002      9.798553E-006      6.133940E-002      2.981958E-005      1.226018E-004      4.517743E-006      1.600446E-002      6.681680E-005      1.037706E-003      7.116977E-004      5.935727E-003      6.579373E-004      1.016278E-003      2.167814E-006      6.638358E-004      8.208420E-003      0.000000E+000      0.000000E+000      3.819413E-003      0.000000E+000      8.265406E-004      0.000000E+000      7.564202E-004      0.000000E+000      4.129687E-005      0.000000E+000      2.003809E-004      0.000000E+000      1.523264E-002      0.000000E+000      8.599037E-004      0.000000E+000      2.144685E-005
  3.00000E+001  1.32073E+001  1.32073E+001  9.32076E+000  1.27073E+001  1.32073E+001         FSN      9.924637E+000      4.240562E-004      6.533010E+000      3.388618E-009      3.366161E-009      3.190868E-002      2.563085E-003      9.452297E-002      1.529450E-005      9.496047E-002      4.655235E-005      1.925375E-004      6.738527E-006      3.120456E-002      1.635631E-004      1.612968E-003      1.945542E-003      1.160578E-002      1.086920E-003      2.166200E-003      9.363834E-006      1.326236E-003      1.604874E-002      0.000000E+000      0.000000E+000      7.467479E-003      0.000000E+000      1.616001E-003      0.000000E+000      1.478906E-003      0.000000E+000      8.074108E-005      0.000000E+000      3.917723E-004      0.000000E+000      2.978191E-002      0.000000E+000      1.681230E-003      0.000000E+000      4.193155E-005
  3.50000E+001  1.18407E+001  1.18407E+001  9.71103E+000  1.13407E+001  1.18407E+001         FSN      1.121865E+001      5.466745E-004      1.085775E+001      3.913091E-009      4.113669E-009      3.976122E-001      2.158320E-003      1.492812E-001      2.121535E-005      3.655188E-001      5.013807E-005      2.219823E-004      7.722417E-006      4.276454E-002      1.909765E-004      1.584779E-002      3.455518E-003      1.601989E-002      1.624687E-003      3.322675E-003      2.733514E-005      1.932325E-003      2.215063E-002      0.000000E+000      0.000000E+000      1.030645E-002      0.000000E+000      2.230370E-003      0.000000E+000      2.041154E-003      0.000000E+000      1.114371E-004      0.000000E+000      5.407156E-004      0.000000E+000      4.110434E-002      0.000000E+000      2.320398E-003      0.000000E+000      5.787302E-005
  4.00000E+001  8.93295E+000  8.93295E+000  7.22637E+000  8.43295E+000  8.93295E+000         FSN      1.278860E+001      6.628723E-004      1.445213E+001      4.486418E-009      2.637328E-010      2.557182E+000      2.072954E-003      1.642453E-001      2.428400E-005      7.836398E-001      5.747693E-005      2.632675E-004      1.000589E-005      5.707983E-002      1.803216E-004      1.125237E-001      5.349696E-003      2.150177E-002      1.879020E-003      4.560029E-003      5.966509E-005      2.724288E-003      2.972988E-002      0.000000E+000      0.000000E+000      1.383268E-002      0.000000E+000      2.993461E-003      0.000000E+000      2.739508E-003      0.000000E+000      1.495639E-004      0.000000E+000      7.257149E-004      0.000000E+000      5.516768E-002      0.000000E+000      3.114294E-003      0.000000E+000      7.767352E-005
  5.00000E+001  1.18355E+001  1.18355E+001  9.63941E+000  1.13355E+001  1.18355E+001         FSN      1.521280E+001      7.436906E-004      1.822332E+001      5.648240E-009      7.310677E-011      3.100877E+000      1.576579E-003      2.276167E-001      3.006960E-005      1.002166E+000      6.398500E-005      2.703157E-004      1.051163E-005      6.999233E-002      2.086934E-004      1.420522E-001      7.140451E-003      2.641874E-002      2.526840E-003      5.792215E-003      1.072088E-004      3.427014E-003      3.652651E-002      0.000000E+000      0.000000E+000      1.699479E-002      0.000000E+000      3.677759E-003      0.000000E+000      3.365753E-003      0.000000E+000      1.837537E-004      0.000000E+000      8.916109E-004      0.000000E+000      6.777885E-002      0.000000E+000      3.826211E-003      0.000000E+000      9.542949E-005
  6.00000E+001  1.34778E+001  1.34778E+001  1.11429E+001  1.29778E+001  1.34778E+001         FSN      1.764110E+001      8.206204E-004      2.297317E+001      6.857831E-009      2.745808E-011      3.829476E+000      1.530254E-003      2.914832E-001      3.640466E-005      1.287821E+000      6.963624E-005      2.877865E-004      1.159963E-005      8.515548E-002      2.263506E-004      1.883311E-001      9.269420E-003      3.221117E-002      3.296870E-003      7.228939E-003      1.685190E-004      4.275920E-003      4.453351E-002      0.000000E+000      0.000000E+000      2.071997E-002      0.000000E+000      4.483908E-003      0.000000E+000      4.103512E-003      0.000000E+000      2.240318E-004      0.000000E+000      1.087048E-003      0.000000E+000      8.263568E-002      0.000000E+000      4.664900E-003      0.000000E+000      1.163472E-004
  7.00000E+001  1.46874E+001  1.46874E+001  1.22455E+001  1.41874E+001  1.46874E+001         FSN      2.008316E+001      8.817585E-004      2.872037E+001      8.101835E-009      1.810683E-011      4.141183E+000      1.767466E-003      3.713085E-001      4.194901E-005      1.406753E+000      7.527874E-005      3.069486E-004      1.252821E-005      1.010631E-001      2.384962E-004      2.180832E-001      1.152993E-002      3.830139E-002      3.812328E-003      8.614475E-003      2.575552E-004      5.186638E-003      5.295258E-002      0.000000E+000      0.000000E+000      2.463680E-002      0.000000E+000      5.331530E-003      0.000000E+000      4.879224E-003      0.000000E+000      2.663819E-004      0.000000E+000      1.292540E-003      0.000000E+000      9.825683E-002      0.000000E+000      5.546734E-003      0.000000E+000      1.383411E-004
  8.00000E+001  1.56135E+001  1.56135E+001  1.30962E+001  1.51135E+001  1.56135E+001         FSN      2.241581E+001      8.977646E-004      3.501642E+001      9.363609E-009      2.468626E-011      4.319965E+000      2.053370E-003      4.707269E-001      4.586023E-005      1.497744E+000      8.180087E-005      3.104337E-004      1.280050E-005      1.174450E-001      2.499879E-004      2.334230E-001      1.401403E-002      4.459102E-002      4.252068E-003      1.000758E-002      3.655754E-004      6.160981E-003      6.164666E-002      0.000000E+000      0.000000E+000      2.868149E-002      0.000000E+000      6.206821E-003      0.000000E+000      5.680260E-003      0.000000E+000      3.101146E-004      0.000000E+000      1.504739E-003      0.000000E+000      1.143879E-001      0.000000E+000      6.457357E-003      0.000000E+000      1.610529E-004
  8.50000E+001  1.59362E+001  1.59362E+001  1.33820E+001  1.54362E+001  1.59362E+001         FSN      2.362991E+001      9.068581E-004      3.828294E+001      3.408309E-009      1.713628E-011      4.391913E+000      2.220618E-003      5.234616E-001      4.744195E-005      1.536658E+000      8.583197E-005      3.130957E-004      1.293729E-005      1.258897E-001      2.550417E-004      2.376972E-001      1.527837E-002      4.783481E-002      4.448480E-003      1.070061E-002      4.283979E-004      6.667239E-003      6.613044E-002      0.000000E+000      0.000000E+000      3.076743E-002      0.000000E+000      6.658230E-003      0.000000E+000      6.093373E-003      0.000000E+000      3.326685E-004      0.000000E+000      1.614176E-003      0.000000E+000      1.227071E-001      0.000000E+000      6.926987E-003      0.000000E+000      1.727659E-004
  9.00000E+001  1.64388E+001  1.64388E+001  1.38464E+001  1.59388E+001  1.64388E+001         FSN      2.480978E+001      9.094556E-004      4.137433E+001      3.704149E-009      1.933232E-011      4.480875E+000      2.377638E-003      5.737610E-001      4.853790E-005      1.587513E+000      8.968079E-005      3.142187E-004      1.303948E-005      1.340043E-001      2.597174E-004      2.436533E-001      1.651405E-002      5.095239E-002      4.699873E-003      1.137979E-002      4.917949E-004      7.157893E-003      7.043951E-002      0.000000E+000      0.000000E+000      3.277209E-002      0.000000E+000      7.092048E-003      0.000000E+000      6.490387E-003      0.000000E+000      3.543436E-004      0.000000E+000      1.719348E-003      0.000000E+000      1.307021E-001      0.000000E+000      7.378316E-003      0.000000E+000      1.840225E-004
  9.50000E+001  1.67577E+001  1.67577E+001  1.41408E+001  1.62577E+001  1.67577E+001         FSN      2.603721E+001      9.147052E-004      4.465095E+001      4.002224E-009      2.082346E-011      4.534179E+000      2.586710E-003      6.282202E-001      4.967608E-005      1.622616E+000      9.287676E-005      3.158512E-004      1.321351E-005      1.424480E-001      2.648505E-004      2.465962E-001      1.780074E-002      5.419717E-002      4.892762E-003      1.206811E-002      5.627190E-004      7.666912E-003      7.492457E-002      0.000000E+000      0.000000E+000      3.485862E-002      0.000000E+000      7.543584E-003      0.000000E+000      6.903617E-003      0.000000E+000      3.769039E-004      0.000000E+000      1.828815E-003      0.000000E+000      1.390236E-001      0.000000E+000      7.848078E-003      0.000000E+000      1.957388E-004
  1.00000E+002  1.73812E+001  1.73812E+001  1.47388E+001  1.68812E+001  1.73812E+001         FSN      2.724893E+001      9.207790E-004      4.755390E+001      4.314688E-009      2.340880E-011      4.645404E+000      2.708554E-003      6.765799E-001      5.076866E-005      1.689113E+000      9.603599E-005      3.182086E-004      1.325731E-005      1.503488E-001      2.694517E-004      2.530617E-001      1.899493E-002      5.723092E-002      5.219116E-003      1.273829E-002      6.342504E-004      8.146912E-003      7.911747E-002      0.000000E+000      0.000000E+000      3.680922E-002      0.000000E+000      7.965705E-003      0.000000E+000      7.289926E-003      0.000000E+000      3.979946E-004      0.000000E+000      1.931151E-003      0.000000E+000      1.468030E-001      0.000000E+000      8.287237E-003      0.000000E+000      2.066919E-004
  1.10000E+002  1.79214E+001  1.79214E+001  1.52594E+001  1.74214E+001  1.79214E+001         FSN      2.984007E+001      9.199574E-004      5.409088E+001      4.941705E-009      2.757952E-011      4.734835E+000      3.092595E-003      7.889992E-001      5.255705E-005      1.751121E+000      1.029669E-004      3.178375E-004      1.340364E-005      1.674166E-001      2.804145E-004      2.578033E-001      2.160455E-002      6.378758E-002      5.586331E-003      1.410594E-002      8.015112E-004      9.174641E-003      8.818037E-002      0.000000E+000      0.000000E+000      4.102543E-002      0.000000E+000      8.878114E-003      0.000000E+000      8.124931E-003      0.000000E+000      4.435817E-004      0.000000E+000      2.152350E-003      0.000000E+000      1.636182E-001      0.000000E+000      9.236476E-003      0.000000E+000      2.303669E-004
  1.20000E+002  1.85798E+001  1.85798E+001  1.58495E+001  1.80798E+001  1.85798E+001         FSN      3.245976E+001      9.210891E-004      6.045904E+001      5.553296E-009      3.091258E-011      4.839980E+000      3.487331E-003      8.996035E-001      5.435949E-005      1.821123E+000      1.090029E-004      3.182049E-004      1.368495E-005      1.842730E-001      2.912534E-004      2.635693E-001      2.417837E-002      7.026227E-002      5.997576E-003      1.545466E-002      9.842020E-004      1.019359E-002      9.712975E-002      0.000000E+000      0.000000E+000      4.518883E-002      0.000000E+000      9.779095E-003      0.000000E+000      8.949476E-003      0.000000E+000      4.885979E-004      0.000000E+000      2.370777E-003      0.000000E+000      1.802227E-001      0.000000E+000      1.017382E-002      0.000000E+000      2.537453E-004
  1.30000E+002  1.92935E+001  1.92935E+001  1.65178E+001  1.87935E+001  1.92935E+001         FSN      3.517803E+001      9.061506E-004      6.666923E+001      6.257781E-009      3.615123E-011      4.949831E+000      3.861872E-003      1.011110E+000      5.561569E-005      1.889689E+000      1.158174E-004      3.129570E-004      1.361009E-005      2.010371E-001      3.018400E-004      2.694876E-001      2.675531E-002      7.669810E-002      6.425256E-003      1.677973E-002      1.183418E-003      1.120681E-002      1.060253E-001      0.000000E+000      0.000000E+000      4.932718E-002      0.000000E+000      1.067466E-002      0.000000E+000      9.769061E-003      0.000000E+000      5.333433E-004      0.000000E+000      2.587891E-003      0.000000E+000      1.967273E-001      0.000000E+000      1.110553E-002      0.000000E+000      2.769830E-004
  1.40000E+002  2.02281E+001  2.02281E+001  1.74053E+001  1.97281E+001  2.02281E+001         FSN      3.791884E+001      9.087613E-004      7.259394E+001      7.156707E-009      4.458961E-011      5.090562E+000      4.158921E-003      1.115933E+000      5.757141E-005      1.974345E+000      1.217973E-004      3.144097E-004      1.374715E-005      2.174094E-001      3.119725E-004      2.786474E-001      2.923311E-002      8.298071E-002      6.941551E-003      1.807454E-002      1.390136E-003      1.220087E-002      1.147088E-001      0.000000E+000      0.000000E+000      5.336684E-002      0.000000E+000      1.154886E-002      0.000000E+000      1.056910E-002      0.000000E+000      5.770215E-004      0.000000E+000      2.799827E-003      0.000000E+000      2.128384E-001      0.000000E+000      1.201502E-002      0.000000E+000      2.996666E-004
  1.50000E+002  2.08859E+001  2.08859E+001  1.80032E+001  2.03859E+001  2.08859E+001         FSN      4.074889E+001      9.082708E-004      7.875202E+001      7.953402E-009      5.063815E-011      5.195086E+000      4.525600E-003      1.226655E+000      5.946105E-005      2.045079E+000      1.280122E-004      3.140314E-004      1.391107E-005      2.342794E-001      3.224263E-004      2.844383E-001      3.178965E-002      8.945496E-002      7.389474E-003      1.938331E-002      1.614427E-003      1.322279E-002      1.236572E-001      0.000000E+000      0.000000E+000      5.752981E-002      0.000000E+000      1.244975E-002      0.000000E+000      1.139356E-002      0.000000E+000      6.220330E-004      0.000000E+000      3.018232E-003      0.000000E+000      2.294412E-001      0.000000E+000      1.295228E-002      0.000000E+000      3.230427E-004
  1.60000E+002  2.21268E+001  2.21268E+001  1.90910E+001  2.16268E+001  2.21268E+001         FSN      4.347912E+001      9.132658E-004      8.431152E+001      8.798450E-009      5.738050E-011      5.379171E+000      4.859035E-003      1.326904E+000      6.143292E-005      2.161493E+000      1.331358E-004      3.158397E-004      1.407617E-005      2.501042E-001      3.311434E-004      2.942872E-001      3.417516E-002      9.552587E-002      8.121867E-003      2.065174E-002      1.836052E-003      1.419841E-002      1.320469E-001      0.000000E+000      0.000000E+000      6.143277E-002      0.000000E+000      1.329437E-002      0.000000E+000      1.216653E-002      0.000000E+000      6.642332E-004      0.000000E+000      3.222996E-003      0.000000E+000      2.450070E-001      0.000000E+000      1.383099E-002      0.000000E+000      3.449586E-004
  1.70000E+002  2.27204E+001  2.27204E+001  1.98476E+001  2.22204E+001  2.27204E+001         FSN      4.658110E+001      9.242959E-004      9.028007E+001      1.379260E-008      1.460763E-010      5.474493E+000      5.208910E-003      1.434189E+000      6.427554E-005      2.225891E+000      1.398256E-004      3.239552E-004      1.441933E-005      2.671213E-001      3.429724E-004      3.005018E-001      3.666059E-002      1.020433E-001      8.591248E-003      2.193546E-002      2.071537E-003      1.521559E-002      1.410551E-001      0.000000E+000      0.000000E+000      6.562354E-002      0.000000E+000      1.420127E-002      0.000000E+000      1.299649E-002      0.000000E+000      7.095453E-004      0.000000E+000      3.442859E-003      0.000000E+000      2.617207E-001      0.000000E+000      1.477450E-002      0.000000E+000      3.684907E-004
  1.80000E+002  2.37397E+001  2.37397E+001  2.05890E+001  2.32397E+001  2.37397E+001         FSN      4.953873E+001      9.346167E-004      9.587786E+001      1.811531E-008      2.212579E-010      5.624559E+000      5.526665E-003      1.535644E+000      6.693620E-005      2.331642E+000      1.458307E-004      3.310814E-004      1.463188E-005      2.833669E-001      3.527927E-004      3.083343E-001      3.904418E-002      1.082668E-001      9.317871E-003      2.320253E-002      2.306302E-003      1.620601E-002      1.496558E-001      0.000000E+000      0.000000E+000      6.962470E-002      0.000000E+000      1.506714E-002      0.000000E+000      1.378891E-002      0.000000E+000      7.528073E-004      0.000000E+000      3.652776E-003      0.000000E+000      2.776782E-001      0.000000E+000      1.567532E-002      0.000000E+000      3.909581E-004
  1.90000E+002  2.42485E+001  2.42485E+001  2.02742E+001  2.37485E+001  2.42485E+001         FSN      5.269549E+001      9.348899E-004      1.019082E+002      2.179994E-008      2.836248E-010      5.694147E+000      5.899613E-003      1.647314E+000      6.920131E-005      2.386672E+000      1.528622E-004      3.336535E-004      1.488953E-005      3.005339E-001      3.641632E-004      3.128473E-001      4.157784E-002      1.148429E-001      9.762955E-003      2.448395E-002      2.562227E-003      1.723534E-002      1.587449E-001      0.000000E+000      0.000000E+000      7.385312E-002      0.000000E+000      1.598220E-002      0.000000E+000      1.462633E-002      0.000000E+000      7.985266E-004      0.000000E+000      3.874615E-003      0.000000E+000      2.945421E-001      0.000000E+000      1.662731E-002      0.000000E+000      4.147016E-004
  2.00000E+002  2.50553E+001  2.50553E+001  2.10191E+001  2.45553E+001  2.50553E+001         FSN      5.581231E+001      9.496591E-004      1.076005E+002      2.691602E-008      3.732486E-010      5.820098E+000      6.233012E-003      1.751620E+000      7.215226E-005      2.472408E+000      1.585713E-004      3.428927E-004      1.514213E-005      3.171700E-001      3.746055E-004      3.194551E-001      4.400107E-002      1.212129E-001      1.039060E-002      2.574577E-002      2.812428E-003      1.824286E-002      1.675484E-001      0.000000E+000      0.000000E+000      7.794864E-002      0.000000E+000      1.686848E-002      0.000000E+000      1.543743E-002      0.000000E+000      8.428087E-004      0.000000E+000      4.089481E-003      0.000000E+000      3.108758E-001      0.000000E+000      1.754937E-002      0.000000E+000      4.376988E-004
  2.10000E+002  2.60334E+001  2.60334E+001  2.19505E+001  2.55334E+001  2.60334E+001         FSN      5.870270E+001      9.490290E-004      1.133383E+002      2.779145E-008      3.791890E-010      5.947951E+000      6.557734E-003      1.857695E+000      7.397026E-005      2.563798E+000      1.638219E-004      3.423445E-004      1.524173E-005      3.334688E-001      3.826721E-004      3.274055E-001      4.647284E-002      1.274659E-001      1.110254E-002      2.700476E-002      3.072775E-003      1.925643E-002      1.761892E-001      0.000000E+000      0.000000E+000      8.196842E-002      0.000000E+000      1.773839E-002      0.000000E+000      1.623353E-002      0.000000E+000      8.862721E-004      0.000000E+000      4.300374E-003      0.000000E+000      3.269076E-001      0.000000E+000      1.845439E-002      0.000000E+000      4.602708E-004
  2.20000E+002  2.71471E+001  2.71471E+001  2.29572E+001  2.66471E+001  2.71471E+001         FSN      6.162682E+001      9.501978E-004      1.188855E+002      3.076457E-008      4.273296E-010      6.092127E+000      6.929530E-003      1.959716E+000      7.603312E-005      2.664132E+000      1.689800E-004      3.447965E-004      1.533146E-005      3.495323E-001      3.906101E-004      3.360877E-001      4.887007E-002      1.336248E-001      1.189593E-002      2.824725E-002      3.328963E-003      2.025699E-002      1.846996E-001      0.000000E+000      0.000000E+000      8.592752E-002      0.000000E+000      1.859516E-002      0.000000E+000      1.701762E-002      0.000000E+000      9.290793E-004      0.000000E+000      4.508083E-003      0.000000E+000      3.426973E-001      0.000000E+000      1.934574E-002      0.000000E+000      4.825020E-004
  2.30000E+002  2.76378E+001  2.76378E+001  2.34508E+001  2.71378E+001  2.76378E+001         FSN      6.493550E+001      9.699478E-004      1.247937E+002      3.697932E-008      5.380796E-010      6.156293E+000      7.289429E-003      2.069317E+000      7.944176E-005      2.716072E+000      1.740682E-004      3.570079E-004      1.566348E-005      3.667426E-001      4.018146E-004      3.394740E-001      5.136386E-002      1.402128E-001      1.235158E-002      2.950277E-002      3.600946E-003      2.129059E-002      1.938052E-001      0.000000E+000      0.000000E+000      9.016357E-002      0.000000E+000      1.951186E-002      0.000000E+000      1.785655E-002      0.000000E+000      9.748809E-004      0.000000E+000      4.730322E-003      0.000000E+000      3.595916E-001      0.000000E+000      2.029945E-002      0.000000E+000      5.062884E-004
  2.40000E+002  2.83071E+001  2.83071E+001  2.40496E+001  2.78071E+001  2.83071E+001         FSN      6.798486E+001      9.729514E-004      1.307459E+002      3.747875E-008      5.364443E-010      6.244402E+000      7.619028E-003      2.181070E+000      8.150301E-005      2.776833E+000      1.782750E-004      3.576823E-004      1.580102E-005      3.835956E-001      4.104020E-004      3.455947E-001      5.392643E-002      1.466787E-001      1.287120E-002      3.076020E-002      3.886583E-003      2.233201E-002      2.027411E-001      0.000000E+000      0.000000E+000      9.432065E-002      0.000000E+000      2.041147E-002      0.000000E+000      1.867984E-002      0.000000E+000      1.019829E-003      0.000000E+000      4.948418E-003      0.000000E+000      3.761709E-001      0.000000E+000      2.123537E-002      0.000000E+000      5.296313E-004
  2.50000E+002  2.94832E+001  2.94832E+001  2.51058E+001  2.89832E+001  2.94832E+001         FSN      7.086392E+001      9.732364E-004      1.362685E+002      4.013352E-008      5.771222E-010      6.390531E+000      7.948329E-003      2.283194E+000      8.352085E-005      2.883511E+000      1.835327E-004      3.594925E-004      1.584181E-005      3.995407E-001      4.174612E-004      3.535811E-001      5.631608E-002      1.527952E-001      1.376522E-002      3.200129E-002      4.151604E-003      2.334005E-002      2.111921E-001      0.000000E+000      0.000000E+000      9.825205E-002      0.000000E+000      2.126225E-002      0.000000E+000      1.945844E-002      0.000000E+000      1.062337E-003      0.000000E+000      5.154675E-003      0.000000E+000      3.918502E-001      0.000000E+000      2.212049E-002      0.000000E+000      5.517070E-004
  2.60000E+002  3.00056E+001  3.00056E+001  2.56643E+001  2.95056E+001  3.00056E+001         FSN      7.416455E+001      9.959605E-004      1.421433E+002      4.616865E-008      6.864931E-010      6.460903E+000      8.321011E-003      2.391492E+000      8.685347E-005      2.939201E+000      1.889683E-004      3.714578E-004      1.621785E-005      4.166881E-001      4.279227E-004      3.580574E-001      5.879634E-002      1.593616E-001      1.426423E-002      3.324836E-002      4.432562E-003      2.438081E-002      2.202672E-001      0.000000E+000      0.000000E+000      1.024739E-001      0.000000E+000      2.217589E-002      0.000000E+000      2.029457E-002      0.000000E+000      1.107985E-003      0.000000E+000      5.376171E-003      0.000000E+000      4.086880E-001      0.000000E+000      2.307101E-002      0.000000E+000      5.754139E-004
  2.70000E+002  3.08069E+001  3.08069E+001  2.64121E+001  3.03069E+001  3.08069E+001         FSN      7.726764E+001      9.988154E-004      1.478895E+002      4.964741E-008      7.422694E-010      6.560372E+000      8.692009E-003      2.499153E+000      8.909301E-005      3.013863E+000      1.944091E-004      3.743670E-004      1.644420E-005      4.333157E-001      4.364682E-004      3.640854E-001      6.126771E-002      1.657363E-001      1.492217E-002      3.449290E-002      4.714762E-003      2.541300E-002      2.290762E-001      0.000000E+000      0.000000E+000      1.065720E-001      0.000000E+000      2.306272E-002      0.000000E+000      2.110617E-002      0.000000E+000      1.152294E-003      0.000000E+000      5.591169E-003      0.000000E+000      4.250318E-001      0.000000E+000      2.399364E-002      0.000000E+000      5.984251E-004
  2.80000E+002  3.17463E+001  3.17463E+001  2.72664E+001  3.12463E+001  3.17463E+001         FSN      8.021028E+001      9.994891E-004      1.536255E+002      5.070827E-008      7.520196E-010      6.679352E+000      9.002194E-003      2.606615E+000      9.110517E-005      3.102148E+000      1.989152E-004      3.752845E-004      1.643162E-005      4.496775E-001      4.431899E-004      3.704889E-001      6.375039E-002      1.720167E-001      1.570344E-002      3.574331E-002      5.001192E-003      2.644933E-002      2.377538E-001      0.000000E+000      0.000000E+000      1.106088E-001      0.000000E+000      2.393632E-002      0.000000E+000      2.190566E-002      0.000000E+000      1.195942E-003      0.000000E+000      5.802958E-003      0.000000E+000      4.411316E-001      0.000000E+000      2.490250E-002      0.000000E+000      6.210930E-004
  2.90000E+002  3.25844E+001  3.25844E+001  2.80685E+001  3.20844E+001  3.25844E+001         FSN      8.330861E+001      1.022791E-003      1.593294E+002      5.444376E-008      8.146142E-010      6.785898E+000      9.362844E-003      2.711026E+000      9.414206E-005      3.182237E+000      2.029027E-004      3.853244E-004      1.678512E-005      4.662396E-001      4.517956E-004      3.776115E-001      6.619181E-002      1.783662E-001      1.642624E-002      3.698846E-002      5.288308E-003      2.748302E-002      2.465276E-001      0.000000E+000      0.000000E+000      1.146904E-001      0.000000E+000      2.481960E-002      0.000000E+000      2.271400E-002      0.000000E+000      1.240074E-003      0.000000E+000      6.017094E-003      0.000000E+000      4.574099E-001      0.000000E+000      2.582143E-002      0.000000E+000      6.440121E-004
  3.00000E+002  3.31909E+001  3.31909E+001  2.86325E+001  3.26909E+001  3.31909E+001         FSN      8.669301E+001      1.045842E-003      1.650293E+002      6.109233E-008      9.327563E-010      6.859260E+000      9.730588E-003      2.818476E+000      9.722599E-005      3.242911E+000      2.087610E-004      3.953030E-004      1.716593E-005      4.832476E-001      4.619238E-004      3.825946E-001      6.863587E-002      1.848743E-001      1.701001E-002      3.823008E-002      5.581819E-003      2.851686E-002      2.555215E-001      0.000000E+000      0.000000E+000      1.188745E-001      0.000000E+000      2.572505E-002      0.000000E+000      2.354264E-002      0.000000E+000      1.285314E-003      0.000000E+000      6.236607E-003      0.000000E+000      4.740970E-001      0.000000E+000      2.676344E-002      0.000000E+000      6.675067E-004
  3.50000E+002  3.48448E+001  3.48448E+001  3.02127E+001  3.41937E+001  3.46937E+001       PPISN      1.047465E+002      1.109156E-003      1.940336E+002      7.316048E-008      1.119913E-009      7.123375E+000      1.163744E-002      3.403262E+000      1.097710E-004      3.493685E+000      2.278998E-004      7.375148E-004      1.798222E-005      5.711247E-001      5.163344E-004      3.982963E-001      8.148369E-002      2.184694E-001      1.937823E-002      4.463117E-002      7.299449E-003      3.376400E-002      3.019508E-001      0.000000E+000      0.000000E+000      1.404743E-001      0.000000E+000      3.039937E-002      0.000000E+000      2.782040E-002      0.000000E+000      1.518859E-003      0.000000E+000      7.369815E-003      0.000000E+000      5.602416E-001      0.000000E+000      3.162642E-002      0.000000E+000      7.887944E-004
  4.00000E+002  3.49722E+001  3.49722E+001  3.03465E+001  3.43179E+001  3.48179E+001       PPISN      1.263531E+002      1.158961E-003      2.212948E+002      8.346886E-008      1.280394E-009      7.149999E+000      1.360564E-002      4.020747E+000      1.224771E-004      3.523631E+000      2.419273E-004      9.253096E-004      1.850155E-005      6.618655E-001      5.857274E-004      4.014264E-001      9.425636E-002      2.529933E-001      2.004018E-002      5.081986E-002      9.319863E-003      3.884001E-002      3.496769E-001      0.000000E+000      0.000000E+000      1.626783E-001      0.000000E+000      3.520442E-002      0.000000E+000      3.221782E-002      0.000000E+000      1.758936E-003      0.000000E+000      8.534719E-003      0.000000E+000      6.487958E-001      0.000000E+000      3.662543E-002      0.000000E+000      9.134746E-004
  4.50000E+002  3.48748E+001  3.48748E+001  3.02599E+001  3.42229E+001  3.47229E+001       PPISN      1.510490E+002      1.233731E-003      2.457169E+002      1.021395E-007      1.617080E-009      7.156155E+000      1.558182E-002      4.635665E+000      1.369737E-004      3.546972E+000      2.559849E-004      1.005513E-003      1.948885E-005      7.534630E-001      6.663565E-004      4.023351E-001      1.064814E-001      2.876496E-001      2.079472E-002      5.687619E-002      1.147085E-002      4.366798E-002      3.975907E-001      0.000000E+000      0.000000E+000      1.849703E-001      0.000000E+000      4.002852E-002      0.000000E+000      3.663266E-002      0.000000E+000      1.999965E-003      0.000000E+000      9.704243E-003      0.000000E+000      7.377011E-001      0.000000E+000      4.164426E-002      0.000000E+000      1.038649E-003
  5.00000E+002  3.47933E+001  3.47933E+001  3.01437E+001  3.41434E+001  3.46434E+001       PPISN      1.783121E+002      1.304412E-003      2.675772E+002      1.241554E-007      2.017415E-009      7.156748E+000      1.753348E-002      5.244801E+000      1.514428E-004      3.562921E+000      2.781827E-004      9.803054E-004      2.051244E-005      8.454365E-001      7.517949E-004      4.017815E-001      1.181653E-001      3.222789E-001      2.176920E-002      6.273927E-002      1.363467E-002      4.827137E-002      4.454707E-001      0.000000E+000      0.000000E+000      2.072472E-001      0.000000E+000      4.484937E-002      0.000000E+000      4.104453E-002      0.000000E+000      2.240832E-003      0.000000E+000      1.087298E-002      0.000000E+000      8.265463E-001      0.000000E+000      4.665969E-002      0.000000E+000      1.163739E-003
  5.50000E+002  3.49528E+001  3.49528E+001  3.03312E+001  3.42990E+001  3.47990E+001       PPISN      2.077454E+002      1.357744E-003      2.869797E+002      1.540982E-007      2.563986E-009      7.187181E+000      1.940134E-002      5.829659E+000      1.649914E-004      3.626623E+000      3.289193E-004      7.864719E-004      2.134090E-005      9.373841E-001      8.365255E-004      4.024331E-001      1.290037E-001      3.567324E-001      2.349439E-002      6.843919E-002      1.562069E-002      5.265491E-002      4.931094E-001      0.000000E+000      0.000000E+000      2.294124E-001      0.000000E+000      4.964602E-002      0.000000E+000      4.543425E-002      0.000000E+000      2.480489E-003      0.000000E+000      1.203584E-002      0.000000E+000      9.149456E-001      0.000000E+000      5.164996E-002      0.000000E+000      1.288201E-003
  6.00000E+002  3.47683E+001  3.47683E+001  3.01530E+001  3.41191E+001  3.46191E+001       PPISN      2.393370E+002      1.439824E-003      3.046213E+002      1.846579E-007      3.128794E-009      7.173841E+000      2.117159E-002      6.376197E+000      1.791875E-004      3.709087E+000      4.278284E-004      1.116740E-003      2.261981E-005      1.030306E+000      9.242912E-004      4.028217E-001      1.387789E-001      3.914048E-001      2.565978E-002      7.397073E-002      1.728672E-002      5.687585E-002      5.410539E-001      0.000000E+000      0.000000E+000      2.517204E-001      0.000000E+000      5.447358E-002      0.000000E+000      4.985226E-002      0.000000E+000      2.721691E-003      0.000000E+000      1.320620E-002      0.000000E+000      1.003915E+000      0.000000E+000      5.667239E-002      0.000000E+000      1.413466E-003
