# Initial composition Z = 0.006
# 0.00000E+000  0.00000E+000  0.00000E+000  0.00000E+000  0.00000E+000  0.00000E+000          SN      7.349700E-001      2.343800E-005      2.589800E-001      5.712400E-009      6.508100E-011      1.078900E-003      1.307400E-005      2.910700E-004      7.158000E-007      2.639800E-003      1.065600E-006      5.953800E-006      1.983100E-007      5.604900E-004      1.410800E-006      4.533400E-005      1.413100E-005      2.071700E-004      2.732000E-005      3.128200E-005      0.000000E+000      2.289800E-005      2.864900E-004      1.341700E-005      2.568700E-006      1.333100E-004      3.223500E-006      2.884800E-005      1.448500E-006      2.640100E-005      1.912500E-008      1.441300E-006      1.464500E-007      6.993700E-006      3.877900E-006      5.316500E-004      1.409600E-006      3.001200E-005      2.963600E-007      7.485400E-007
# total ejecta
           Min          Mfin          M_HE          M_CO          Mrem          Mbar         SNT                  H                HE3                HE4                LI7                BE7                C12                C13                N14                N15                O16                O17                O18                F19               NE20               NE21               NE22               NA23               MG24               MG25               MG26               AL26               AL27               SI28               SI29                  P                  S                 CL                 AR                  K                 CA                 SC                 TI                  V                 CR                 MN                 FE                 CO                 NI                 CU                 ZN
  1.40000E+001  1.37387E+001  4.78454E+000  2.68975E+000  1.36783E+000  1.50816E+000        CCSN      6.540771E+000      3.198635E-004      4.571967E+000      3.378565E-010      1.023205E-014      1.812281E-001      4.052892E-004      1.666195E-002      2.665999E-006      5.960637E-001      2.097383E-005      8.410994E-004      1.681912E-006      2.047295E-001      1.101777E-004      4.560653E-003      3.114735E-003      7.460318E-002      2.748193E-003      2.941173E-003      1.980911E-006      4.193564E-003      1.121877E-001      1.386223E-003      0.000000E+000      5.458113E-002      1.256270E-004      1.036087E-002      7.314980E-005      8.321453E-003      6.341933E-007      1.486945E-004      2.089931E-005      1.890433E-003      9.263027E-004      9.039487E-002      1.345079E-004      4.051143E-003      1.085637E-005      2.645190E-005
  1.60000E+001  1.56352E+001  5.61808E+000  3.36298E+000  1.40906E+000  1.55797E+000        CCSN      7.310454E+000      2.975516E-004      5.075299E+000      5.604227E-010      7.628284E-013      2.594430E-001      3.819602E-004      1.882747E-002      2.999824E-006      9.745673E-001      2.445826E-005      7.527732E-004      2.332205E-006      3.384914E-001      1.691495E-004      7.905651E-003      5.378612E-003      1.066610E-001      3.867909E-003      4.212689E-003      2.063128E-006      6.436345E-003      1.372827E-001      1.820771E-003      0.000000E+000      6.147741E-002      1.454582E-004      1.102078E-002      6.804369E-005      8.740108E-003      9.251282E-007      1.628067E-004      2.146129E-005      1.957308E-003      9.251682E-004      8.991041E-002      1.577036E-004      4.021098E-003      1.875413E-005      3.689581E-005
  1.80000E+001  1.73584E+001  6.52341E+000  4.09579E+000  1.45497E+000  1.61374E+000        CCSN      7.565250E+000      3.980521E-004      6.039511E+000      8.649703E-010      2.670017E-014      3.490039E-001      4.614385E-004      1.907041E-002      3.844802E-006      1.385508E+000      2.134431E-005      6.865271E-004      3.042016E-006      4.814731E-001      2.274709E-004      1.166079E-002      7.833517E-003      1.399848E-001      5.046080E-003      5.586565E-003      1.689631E-006      8.854518E-003      1.644322E-001      2.274019E-003      0.000000E+000      6.956080E-002      1.661165E-004      1.199806E-002      5.920145E-005      9.468041E-003      1.261808E-006      1.508039E-004      2.313477E-005      2.218695E-003      1.046418E-003      9.117152E-002      1.576117E-004      3.276531E-003      2.704816E-005      3.593245E-005
  2.00000E+001  1.80832E+001  7.48702E+000  4.87832E+000  1.53861E+000  1.71616E+000        CCSN      8.400203E+000      4.189920E-004      6.425076E+000      1.026935E-009      3.877478E-014      4.456291E-001      5.091554E-004      2.161187E-002      4.201949E-006      1.827169E+000      2.599382E-005      4.640108E-004      3.478408E-006      5.647856E-001      2.918456E-004      1.177708E-002      9.878866E-003      1.333281E-001      5.467585E-003      6.768191E-003      1.905572E-006      1.089365E-002      1.841215E-001      2.198648E-003      0.000000E+000      8.770483E-002      2.444825E-004      1.596052E-002      1.342088E-004      1.186414E-002      2.258001E-006      2.083040E-004      1.935420E-005      1.852350E-003      7.339733E-004      9.942310E-002      2.463901E-004      4.129850E-003      5.375963E-005      7.533414E-005
  2.20000E+001  1.93249E+001  8.43303E+000  5.69577E+000  1.62508E+000  1.82315E+000        CCSN      8.796064E+000      4.319120E-004      7.157925E+000      1.089238E-009      7.196955E-014      5.908326E-001      4.947436E-004      2.278770E-002      4.452626E-006      2.291376E+000      2.915062E-005      2.869698E-004      4.899022E-006      6.517388E-001      3.588397E-004      1.615101E-002      1.205164E-002      1.263516E-001      5.902801E-003      8.011236E-003      3.148503E-006      1.302482E-002      2.080598E-001      2.120330E-003      0.000000E+000      1.120794E-001      3.217888E-004      2.204413E-002      2.028317E-004      1.705382E-002      3.316206E-006      2.206226E-004      2.384924E-005      2.820889E-003      1.034660E-003      1.051309E-001      2.442869E-004      2.915531E-003      7.851953E-005      7.444747E-005
  2.40000E+001  2.05102E+001  9.35988E+000  6.48889E+000  1.62881E+000  1.82779E+000        CCSN      9.204434E+000      4.376395E-004      7.931454E+000      1.157809E-009      1.407320E-013      5.916914E-001      3.570731E-004      2.957270E-002      4.487491E-006      2.822133E+000      2.662999E-005      1.811270E-004      4.676273E-006      8.623522E-001      3.908512E-004      1.530622E-002      1.403017E-002      1.652373E-001      6.862989E-003      1.054276E-002      9.019929E-006      1.746232E-002      2.044586E-001      2.435877E-003      0.000000E+000      1.071979E-001      3.057276E-004      2.099503E-002      1.806558E-004      1.641361E-002      4.101832E-006      2.150449E-004      2.352868E-005      2.727204E-003      9.973865E-004      9.316307E-002      2.669934E-004      2.654021E-003      1.012083E-004      9.760651E-005
  2.60000E+001  2.17225E+001  1.03914E+001  7.44648E+000  2.12225E+001  2.17225E+001         FSN      3.133889E+000      3.042806E-004      1.117630E+000      1.219545E-009      7.559296E-014      4.544515E-003      7.365006E-005      1.386121E-003      2.779356E-006      1.120363E-002      4.556952E-006      2.516318E-005      8.404288E-007      2.396492E-003      6.093147E-006      1.923044E-004      6.327675E-005      8.861674E-004      1.160170E-004      1.344195E-004      2.742911E-008      9.819319E-005      1.225478E-003      0.000000E+000      0.000000E+000      5.702230E-004      0.000000E+000      1.233992E-004      0.000000E+000      1.129305E-004      0.000000E+000      6.165456E-006      0.000000E+000      2.991606E-005      0.000000E+000      2.274171E-003      0.000000E+000      1.283801E-004      0.000000E+000      3.201928E-006
  2.80000E+001  2.25414E+001  1.13570E+001  8.28308E+000  2.20414E+001  2.25414E+001         FSN      3.999681E+000      3.898075E-004      1.425795E+000      1.302854E-009      1.008156E-013      5.812684E-003      8.660533E-005      1.761480E-003      3.517665E-006      1.429702E-002      5.805385E-006      3.213727E-005      1.072592E-006      3.058232E-003      7.735108E-006      2.454356E-004      8.075249E-005      1.130861E-003      1.480694E-004      1.714658E-004      6.388777E-008      1.253312E-004      1.563863E-003      0.000000E+000      0.000000E+000      7.276761E-004      0.000000E+000      1.574728E-004      0.000000E+000      1.441135E-004      0.000000E+000      7.867895E-006      0.000000E+000      3.817664E-005      0.000000E+000      2.902127E-003      0.000000E+000      1.638291E-004      0.000000E+000      4.086062E-006
  3.00000E+001  2.40570E+001  1.24607E+001  9.28508E+000  2.35570E+001  2.40570E+001         FSN      4.353943E+000      4.177624E-004      1.552975E+000      1.378267E-009      8.606686E-013      6.316348E-003      1.067943E-004      1.921161E-003      3.686708E-006      1.556281E-002      6.313162E-006      3.498362E-005      1.167879E-006      3.329508E-003      8.412068E-006      2.671887E-004      8.807378E-005      1.231211E-003      1.611672E-004      1.866816E-004      6.668771E-008      1.364991E-004      1.702636E-003      0.000000E+000      0.000000E+000      7.922480E-004      0.000000E+000      1.714465E-004      0.000000E+000      1.569017E-004      0.000000E+000      8.566069E-006      0.000000E+000      4.156433E-005      0.000000E+000      3.159654E-003      0.000000E+000      1.783669E-004      0.000000E+000      4.448647E-006
  3.50000E+001  2.67710E+001  1.50748E+001  1.17010E+001  2.62710E+001  2.67710E+001         FSN      5.979319E+000      5.484297E-004      2.199804E+000      1.581630E-009      5.354259E-013      8.496021E-003      1.559149E-004      3.324260E-003      4.509018E-006      2.111750E-002      8.690357E-006      4.703460E-005      1.582800E-006      4.604586E-003      1.175182E-005      3.626517E-004      1.362290E-004      1.704909E-003      2.188610E-004      2.611988E-004      1.867279E-007      1.907411E-004      2.357689E-003      0.000000E+000      0.000000E+000      1.097043E-003      0.000000E+000      2.374056E-004      0.000000E+000      2.172651E-004      0.000000E+000      1.186162E-005      0.000000E+000      5.755500E-005      0.000000E+000      4.375239E-003      0.000000E+000      2.469884E-004      0.000000E+000      6.160136E-006
  4.00000E+001  2.82285E+001  1.77331E+001  1.41288E+001  2.77285E+001  2.82285E+001         FSN      8.021537E+000      6.284411E-004      3.678835E+000      1.794830E-009      6.144745E-013      9.758909E-003      2.004027E-004      1.153433E-002      5.247285E-006      2.571581E-002      1.170229E-005      5.348731E-005      1.893024E-006      6.524541E-003      1.716683E-005      4.418147E-004      3.490621E-004      2.439934E-003      2.684904E-004      3.995042E-004      1.192567E-006      2.931636E-004      3.373876E-003      0.000000E+000      0.000000E+000      1.569807E-003      0.000000E+000      3.397142E-004      0.000000E+000      3.108942E-004      0.000000E+000      1.697331E-005      0.000000E+000      8.235801E-005      0.000000E+000      6.260725E-003      0.000000E+000      3.534266E-004      0.000000E+000      8.814812E-006
  5.00000E+001  2.79951E+001  2.33317E+001  1.93818E+001  2.74951E+001  2.79951E+001         FSN      1.302719E+001      7.350742E-004      8.846045E+000      7.423870E-009      6.075803E-011      1.158247E-002      3.358469E-004      4.429500E-002      6.832579E-006      3.113660E-002      1.511994E-005      6.163149E-005      2.209655E-006      1.194389E-002      2.370699E-005      5.479799E-004      1.251879E-003      4.565713E-003      3.385659E-004      8.014512E-004      1.740919E-005      6.513671E-004      6.311749E-003      0.000000E+000      0.000000E+000      2.936372E-003      0.000000E+000      6.354460E-004      0.000000E+000      5.815373E-004      0.000000E+000      3.174911E-005      0.000000E+000      1.540532E-004      0.000000E+000      1.171088E-002      0.000000E+000      6.610955E-004      0.000000E+000      1.648838E-005
  6.00000E+001  2.98881E+001  2.98881E+001  2.59053E+001  2.93881E+001  2.98881E+001         FSN      1.614259E+001      8.796624E-004      1.378999E+001      2.625582E-009      1.131387E-009      1.364627E-002      3.893414E-004      7.168126E-002      8.936917E-006      3.306056E-002      1.387974E-005      7.313108E-005      2.438771E-006      1.612004E-002      3.505609E-005      5.874088E-004      2.144685E-003      6.253006E-003      3.473938E-004      1.133594E-003      1.418226E-005      9.873033E-004      8.641514E-003      0.000000E+000      0.000000E+000      4.019793E-003      0.000000E+000      8.699038E-004      0.000000E+000      7.961046E-004      0.000000E+000      4.346345E-005      0.000000E+000      2.108936E-004      0.000000E+000      1.603179E-002      0.000000E+000      9.050171E-004      0.000000E+000      2.257203E-005
  7.00000E+001  3.47108E+001  3.47108E+001  3.00482E+001  3.40631E+001  3.45631E+001       PPISN      1.889193E+001      1.049059E-003      1.633381E+001      3.042253E-009      1.818551E-010      1.640921E-002      4.674818E-004      8.255177E-002      1.031893E-005      4.049272E-002      1.764629E-005      8.761238E-005      2.920593E-006      1.894385E-002      3.746748E-005      7.200847E-004      2.526813E-003      7.361779E-003      4.367501E-004      1.254623E-003      2.072069E-005      1.209311E-003      1.017057E-002      0.000000E+000      0.000000E+000      4.730752E-003      0.000000E+000      1.023759E-003      0.000000E+000      9.369073E-004      0.000000E+000      5.115059E-005      0.000000E+000      2.481931E-004      0.000000E+000      1.886725E-002      0.000000E+000      1.065082E-003      0.000000E+000      2.656422E-005
  8.00000E+001  4.11121E+001  4.11121E+001  3.58271E+001  3.87079E+001  3.92079E+001       PPISN      2.071407E+001      1.109480E-003      1.983524E+001      3.471220E-009      1.937998E-010      1.724372E-002      5.079198E-004      1.013566E-001      1.165755E-005      4.160449E-002      1.785118E-005      1.520637E-004      3.025863E-006      2.166404E-002      3.839035E-005      7.695357E-004      3.140645E-003      8.479366E-003      4.506544E-004      1.401664E-003      3.178115E-005      1.485439E-003      1.171078E-002      0.000000E+000      0.000000E+000      5.446636E-003      0.000000E+000      1.178680E-003      0.000000E+000      1.078685E-003      0.000000E+000      5.889099E-005      0.000000E+000      2.857511E-004      0.000000E+000      2.172235E-002      0.000000E+000      1.226257E-003      0.000000E+000      3.058406E-005
  8.50000E+001  4.39231E+001  4.39231E+001  3.83312E+001  3.84942E+001  3.89942E+001       PPISN      2.167310E+001      1.141423E-003      2.283560E+001      2.776668E-010      1.795896E-010      2.096248E-001      5.317407E-004      1.111410E-001      1.251028E-005      1.039737E+000      1.856946E-005      2.628988E-003      3.176679E-006      5.111207E-002      3.998372E-005      4.723311E-003      3.821316E-003      1.214066E-002      7.245502E-003      2.463943E-003      3.849123E-005      1.805876E-003      1.321446E-002      0.000000E+000      0.000000E+000      6.144575E-003      0.000000E+000      1.329715E-003      0.000000E+000      1.216908E-003      0.000000E+000      6.643730E-005      0.000000E+000      3.223677E-004      0.000000E+000      2.450585E-002      0.000000E+000      1.383392E-003      0.000000E+000      3.450301E-005
  9.00000E+001  4.65972E+001  4.65972E+001  4.06852E+001  4.02468E+001  4.07468E+001       PPISN      2.257701E+001      1.162524E-003      2.435482E+001      3.049778E-010      4.146548E-011      3.308864E-001      5.572912E-004      1.196811E-001      1.308172E-005      1.702020E+000      1.887503E-005      2.528415E-003      3.267735E-006      7.110395E-002      4.043535E-005      5.115511E-003      4.213740E-003      1.475020E-002      1.175406E-002      3.184367E-003      4.582906E-005      1.990691E-003      1.415040E-002      0.000000E+000      0.000000E+000      6.579020E-003      0.000000E+000      1.423735E-003      0.000000E+000      1.302950E-003      0.000000E+000      7.113476E-005      0.000000E+000      3.451604E-004      0.000000E+000      2.623855E-002      0.000000E+000      1.481203E-003      0.000000E+000      3.694267E-005
  9.50000E+001  4.90444E+001  4.90444E+001  4.28493E+001  4.20720E+001  4.25720E+001       PPISN      2.350114E+001      1.167350E-003      2.575421E+001      3.314247E-010      2.153897E-010      5.024321E-001      5.823066E-004      1.279061E-001      1.350130E-005      2.356231E+000      1.928880E-005      2.328680E-003      3.332171E-006      7.726859E-002      4.323664E-005      7.295836E-003      4.607750E-003      1.565495E-002      1.540537E-002      3.838805E-003      5.363940E-005      2.168084E-003      1.506471E-002      0.000000E+000      0.000000E+000      7.003715E-003      0.000000E+000      1.515639E-003      0.000000E+000      1.387059E-003      0.000000E+000      7.572666E-005      0.000000E+000      3.674414E-004      0.000000E+000      2.793231E-002      0.000000E+000      1.576818E-003      0.000000E+000      3.932740E-005
  1.00000E+002  5.20819E+001  5.20819E+001  4.55001E+001  4.38405E+001  4.43405E+001       PPISN      2.436926E+001      1.177714E-003      2.677776E+001      3.537485E-010      2.268083E-010      7.011422E-001      6.035647E-004      1.353719E-001      1.380893E-005      3.431763E+000      1.947348E-005      2.257476E-003      3.420793E-006      1.173924E-001      4.329992E-005      6.986870E-003      5.008433E-003      2.149683E-002      2.267847E-002      4.965249E-003      6.187762E-005      2.355976E-003      1.599738E-002      0.000000E+000      0.000000E+000      7.436123E-003      0.000000E+000      1.609215E-003      0.000000E+000      1.472696E-003      0.000000E+000      8.040202E-005      0.000000E+000      3.901271E-004      0.000000E+000      2.965684E-002      0.000000E+000      1.674170E-003      0.000000E+000      4.175547E-005
  1.10000E+002  5.77395E+001  5.77395E+001  5.07122E+001  4.56400E+001  4.61400E+001       PPISN      2.609839E+001      1.190842E-003      2.883253E+001      4.084674E-010      1.637944E-010      1.319574E+000      6.621764E-004      1.532256E-001      1.453293E-005      6.999630E+000      1.884285E-005      5.247679E-004      3.675820E-006      2.696657E-001      4.126588E-005      5.958290E-003      6.068923E-003      4.589124E-002      4.712917E-002      8.672482E-003      8.282894E-005      2.867080E-003      1.836902E-002      0.000000E+000      0.000000E+000      8.534077E-003      0.000000E+000      1.846816E-003      0.000000E+000      1.690140E-003      0.000000E+000      9.227344E-005      0.000000E+000      4.477296E-004      0.000000E+000      3.403570E-002      0.000000E+000      1.921362E-003      0.000000E+000      4.792069E-005
  1.20000E+002  6.24633E+001  6.24633E+001  5.47951E+001  2.84011E+001  2.89011E+001       PPISN      2.794702E+001      1.221766E-003      3.121013E+001      4.931949E-010      4.414777E-011      4.452550E+000      7.523992E-004      1.666249E-001      1.520256E-005      2.554975E+001      2.136040E-005      9.783057E-005      5.073622E-006      1.230501E+000      4.225348E-005      1.563542E-002      9.824621E-003      2.098694E-001      1.755586E-001      2.740073E-002      1.307580E-004      4.810399E-003      2.628605E-002      0.000000E+000      0.000000E+000      1.218607E-002      0.000000E+000      2.637123E-003      0.000000E+000      2.413400E-003      0.000000E+000      1.317599E-004      0.000000E+000      6.393260E-004      0.000000E+000      4.860057E-002      0.000000E+000      2.743569E-003      0.000000E+000      6.842733E-005
  1.30000E+002  6.77837E+001  6.77837E+001  5.96792E+001  0.00000E+000  0.00000E+000        PISN      2.973231E+001      1.232413E-003      3.416052E+001      5.233678E-010      4.571617E-011      7.210083E+000      7.529087E-004      1.776276E-001      1.632603E-005      5.139323E+001      2.532234E-005      1.015856E-004      3.303222E-006      5.240362E+000      5.686801E-004      1.102899E-003      1.507800E-002      1.609705E+000      4.459965E-003      5.872330E-003      1.011888E-004      3.770046E-002      3.466122E-001      2.045518E-003      2.828242E-003      9.555547E-003      5.813550E-005      1.812192E-003      1.393206E-007      1.645586E-003      1.461084E-011      8.984017E-005      1.147995E-012      4.359228E-004      8.672579E-014      3.450531E-002      1.628065E-014      1.870695E-003      6.157427E-015      4.665699E-005
  1.40000E+002  7.28202E+001  7.28202E+001  6.42871E+001  0.00000E+000  0.00000E+000        PISN      3.159011E+001      1.257655E-003      3.668079E+001      6.199561E-010      4.760612E-011      4.439794E+000      8.188229E-004      1.952896E-001      2.300327E-005      4.509730E+001      2.220247E-005      1.016475E-004      3.368903E-006      3.994011E+000      1.907419E-004      9.666275E-004      9.163712E-003      3.302007E+000      2.733604E-003      3.829309E-003      1.203719E-004      1.988869E-002      1.038463E+001      2.282513E-002      2.484726E-003      3.403982E+000      1.522028E-003      4.321845E-001      1.304921E-003      2.629844E-001      2.728041E-006      4.661210E-004      4.423468E-005      5.032900E-003      1.858956E-003      1.352771E-001      3.910361E-006      4.012068E-003      4.164209E-012      5.038201E-005
  1.50000E+002  7.79008E+001  7.79008E+001  6.88046E+001  0.00000E+000  0.00000E+000        PISN      3.339862E+001      1.272830E-003      3.972573E+001      6.973560E-010      4.956246E-011      4.348318E+000      8.834302E-004      2.130889E-001      2.332191E-005      4.586225E+001      2.268912E-005      1.028248E-004      3.410059E-006      4.120982E+000      2.772639E-004      1.003817E-003      9.699760E-003      3.611126E+000      3.125915E-003      3.939707E-003      1.409890E-004      1.926249E-002      1.303885E+001      2.233673E-002      2.004382E-003      4.475333E+000      1.479579E-003      5.699340E-001      1.200717E-003      3.499923E-001      2.976817E-006      7.127914E-004      6.522123E-005      8.625408E-003      2.844151E-003      1.997031E-001      4.237012E-006      4.644587E-003      4.607566E-012      5.407404E-005
  1.60000E+002  8.32038E+001  8.32038E+001  7.35308E+001  0.00000E+000  0.00000E+000        PISN      3.522441E+001      1.282181E-003      4.254635E+001      7.556272E-010      4.961697E-011      4.328775E+000      1.076096E-003      2.302266E-001      2.362274E-005      4.674563E+001      2.331082E-005      1.035736E-004      3.437034E-006      4.248594E+000      3.264277E-004      1.146196E-003      1.023810E-002      3.879511E+000      3.532250E-003      4.107946E-003      1.625891E-004      1.972873E-002      1.548557E+001      2.169438E-002      1.730350E-003      5.602445E+000      1.349741E-003      7.373256E-001      1.009248E-003      4.742551E-001      3.139967E-006      1.343090E-003      9.465369E-005      1.915426E-002      4.526422E-003      3.965417E-001      4.508089E-006      5.353571E-003      4.966636E-012      5.759864E-005
  1.70000E+002  8.86117E+001  8.86117E+001  7.84438E+001  0.00000E+000  0.00000E+000        PISN      3.699037E+001      1.283958E-003      4.531738E+001      8.133555E-010      4.961778E-011      4.259090E+000      1.154478E-003      2.473655E-001      2.377876E-005      4.616062E+001      2.375432E-005      1.037277E-004      3.443983E-006      4.170813E+000      3.102539E-004      1.166926E-003      1.070419E-002      4.182645E+000      4.518664E-003      4.323949E-003      1.862339E-004      2.062261E-002      1.847649E+001      2.089781E-002      1.503014E-003      7.180591E+000      1.220804E-003      1.001385E+000      8.324203E-004      6.990512E-001      3.316100E-006      3.143654E-003      1.695308E-004      5.471177E-002      9.526776E-003      1.168308E+000      4.925818E-006      7.078296E-003      5.427486E-012      6.104461E-005
  1.80000E+002  9.40326E+001  9.40326E+001  8.34376E+001  0.00000E+000  0.00000E+000        PISN      3.875323E+001      1.283151E-003      4.807937E+001      8.692753E-010      5.012770E-011      4.188489E+000      1.300795E-003      2.643891E-001      2.396493E-005      4.541737E+001      2.423933E-005      1.036669E-004      3.446625E-006      4.048692E+000      2.418052E-004      1.358628E-003      1.117722E-002      4.371682E+000      5.229327E-003      4.579794E-003      2.110934E-004      2.141429E-002      2.100319E+001      2.054270E-002      1.377680E-003      8.622083E+000      1.100915E-003      1.275365E+000      6.774528E-004      9.508716E-001      3.457460E-006      5.868238E-003      2.751276E-004      1.186868E-001      1.844313E-002      2.798573E+000      5.486604E-006      1.022693E-002      6.260267E-012      6.448091E-005
  1.90000E+002  9.96769E+001  9.96769E+001  8.86359E+001  0.00000E+000  0.00000E+000        PISN      4.046804E+001      1.291643E-003      5.075758E+001      1.010052E-009      5.128923E-011      4.053493E+000      1.365496E-003      2.805275E-001      2.429876E-005      4.405546E+001      2.460707E-005      1.044685E-004      3.472123E-006      4.102185E+000      2.589930E-004      1.298452E-003      1.162208E-002      4.427381E+000      4.925925E-003      4.563866E-003      2.359873E-004      2.043633E-002      2.301864E+001      1.947328E-002      1.201122E-003      9.914978E+000      9.912512E-004      1.529140E+000      5.416304E-004      1.208237E+000      3.564581E-006      9.243232E-003      4.091600E-004      2.101140E-001      3.395363E-002      5.839246E+000      1.261599E-005      2.050578E-002      2.999526E-009      6.775834E-005
  2.00000E+002  1.04997E+002  1.04997E+002  9.34973E+001  0.00000E+000  0.00000E+000        PISN      4.220086E+001      1.296262E-003      5.371145E+001      1.101948E-009      5.253090E-011      3.898637E+000      1.499802E-003      2.978765E-001      2.468406E-005      4.277880E+001      2.490437E-005      1.048735E-004      3.490303E-006      3.909073E+000      1.896242E-004      1.493811E-003      1.210831E-002      4.419466E+000      5.250540E-003      4.786580E-003      2.629601E-004      2.090364E-002      2.452467E+001      1.939848E-002      1.229883E-003      1.081534E+001      9.019710E-004      1.722876E+000      4.430166E-004      1.402780E+000      3.589708E-006      1.185195E-002      4.759328E-004      2.785801E-001      4.259277E-002      9.809635E+000      6.666175E-004      1.016308E-001      2.259683E-006      9.423231E-005
  2.10000E+002  1.10484E+002  1.10484E+002  9.84292E+001  0.00000E+000  0.00000E+000        PISN      4.390589E+001      1.315233E-003      5.660037E+001      1.098312E-009      5.255184E-011      3.809301E+000      1.690222E-003      3.141627E-001      2.538176E-005      4.111280E+001      2.512750E-005      1.063949E-004      3.544006E-006      3.949463E+000      2.115469E-004      1.746850E-003      1.261519E-002      4.353246E+000      5.247775E-003      4.750818E-003      2.901609E-004      2.002269E-002      2.530096E+001      1.808816E-002      1.089741E-003      1.146653E+001      8.246561E-004      1.863565E+000      3.680972E-004      1.553396E+000      3.591476E-006      1.417782E-002      5.055441E-004      3.330316E-001      4.652798E-002      1.502149E+001      2.494217E-003      2.807376E-001      1.310151E-005      2.289340E-004
  2.20000E+002  1.15459E+002  1.15459E+002  1.03014E+002  0.00000E+000  0.00000E+000        PISN      4.564577E+001      1.315073E-003      5.986408E+001      1.340351E-009      5.607770E-011      3.852621E+000      2.060130E-003      3.324740E-001      2.589446E-005      3.979006E+001      2.560236E-005      1.065354E-004      3.560004E-006      3.897176E+000      1.944642E-004      2.509272E-003      1.324599E-002      4.525684E+000      4.912709E-003      4.890088E-003      3.202965E-004      1.977058E-002      2.572599E+001      1.770545E-002      1.165228E-003      1.183393E+001      7.712903E-004      1.947447E+000      3.253825E-004      1.638742E+000      3.563933E-006      1.588617E-002      5.150106E-004      3.686288E-001      4.821993E-002      1.994016E+001      4.758302E-003      4.952202E-001      2.908854E-005      4.350749E-004
  2.30000E+002  1.20854E+002  1.20854E+002  1.07973E+002  0.00000E+000  0.00000E+000        PISN      4.735703E+001      1.317516E-003      6.289716E+001      1.496979E-009      5.789390E-011      3.879743E+000      2.502145E-003      3.491074E-001      2.634034E-005      3.793570E+001      2.608864E-005      1.068309E-004      3.579933E-006      3.944509E+000      2.041414E-004      3.306371E-003      1.386063E-002      4.551991E+000      4.734154E-003      4.908592E-003      3.496892E-004      1.908860E-002      2.563695E+001      1.653189E-002      1.091816E-003      1.198744E+001      7.178559E-004      1.993877E+000      2.983883E-004      1.697801E+000      3.495728E-006      1.773755E-002      5.149666E-004      3.971124E-001      4.851530E-002      2.637631E+001      8.456300E-003      8.473100E-001      5.737784E-005      8.072832E-004
  2.40000E+002  1.26419E+002  1.26419E+002  1.12961E+002  0.00000E+000  0.00000E+000        PISN      4.899471E+001      1.309010E-003      6.613905E+001      1.489660E-009      5.728326E-011      3.745217E+000      2.517525E-003      3.662249E-001      2.627852E-005      3.539697E+001      2.649333E-005      1.061291E-004      3.554160E-006      3.926808E+000      2.052478E-004      3.101155E-003      1.444725E-002      4.434686E+000      4.468232E-003      4.870486E-003      3.799492E-004      1.840868E-002      2.489037E+001      1.512287E-002      9.867338E-004      1.171082E+001      6.685555E-004      1.977372E+000      2.961203E-004      1.703882E+000      3.396256E-006      1.951205E-002      5.052942E-004      4.133088E-001      4.824176E-002      3.470778E+001      1.443783E-002      1.438859E+000      1.048957E-004      1.440705E-003
  2.50000E+002  1.31513E+002  1.31513E+002  1.17667E+002  1.31013E+002  1.31513E+002         DBH      5.075550E+001      1.305467E-003      6.665216E+001      1.625965E-009      5.924510E-011      2.214327E-001      2.823216E-003      3.840784E-001      1.961507E-005      2.307974E-001      2.689196E-005      1.050265E-004      3.526922E-006      6.117281E-002      5.009123E-005      3.798251E-003      1.222678E-002      2.472632E-002      1.166082E-003      3.259985E-003      4.117856E-004      5.641540E-003      3.405335E-002      0.000000E+000      0.000000E+000      1.582959E-002      0.000000E+000      3.425604E-003      0.000000E+000      3.134989E-003      0.000000E+000      1.711552E-004      0.000000E+000      8.304801E-004      0.000000E+000      6.313178E-002      0.000000E+000      3.563877E-003      0.000000E+000      8.888663E-005
  2.60000E+002  1.36994E+002  1.36994E+002  1.22789E+002  1.36494E+002  1.36994E+002         DBH      5.241394E+001      1.311802E-003      6.937020E+001      1.733607E-009      6.060203E-011      2.921198E-001      3.445641E-003      4.004081E-001      1.994248E-005      2.759983E-001      2.716465E-005      1.055749E-004      3.554716E-006      6.345804E-002      5.061066E-005      4.740903E-003      1.277045E-002      2.567321E-002      1.299609E-003      3.366103E-003      4.436288E-004      5.901744E-003      3.535357E-002      0.000000E+000      0.000000E+000      1.643364E-002      0.000000E+000      3.556325E-003      0.000000E+000      3.254621E-003      0.000000E+000      1.776865E-004      0.000000E+000      8.621713E-004      0.000000E+000      6.554089E-002      0.000000E+000      3.699874E-003      0.000000E+000      9.227855E-005
  2.70000E+002  1.42323E+002  1.42323E+002  1.27607E+002  1.41823E+002  1.42323E+002         DBH      5.413837E+001      1.315057E-003      7.230637E+001      1.838321E-009      6.157420E-011      2.808361E-001      3.489607E-003      4.179953E-001      2.026869E-005      2.713610E-001      2.751575E-005      1.058702E-004      3.563187E-006      6.581855E-002      5.111890E-005      4.625372E-003      1.332673E-002      2.665223E-002      1.316114E-003      3.447738E-003      4.764767E-004      6.169610E-003      3.669749E-002      0.000000E+000      0.000000E+000      1.705800E-002      0.000000E+000      3.691439E-003      0.000000E+000      3.378272E-003      0.000000E+000      1.844373E-004      0.000000E+000      8.949274E-004      0.000000E+000      6.803096E-002      0.000000E+000      3.840443E-003      0.000000E+000      9.578446E-005
  2.80000E+002  1.47776E+002  1.47776E+002  1.32749E+002  1.47276E+002  1.47776E+002         DBH      5.577610E+001      1.315800E-003      7.514138E+001      2.011134E-009      6.338209E-011      3.074010E-001      3.820893E-003      4.347880E-001      2.056055E-005      2.919616E-001      2.800208E-005      1.060090E-004      3.571621E-006      6.811642E-002      5.154713E-005      5.000737E-003      1.387068E-002      2.760512E-002      1.402379E-003      3.536795E-003      5.092453E-004      6.434632E-003      3.800566E-002      0.000000E+000      0.000000E+000      1.766571E-002      0.000000E+000      3.822950E-003      0.000000E+000      3.498626E-003      0.000000E+000      1.910080E-004      0.000000E+000      9.268099E-004      0.000000E+000      7.045462E-002      0.000000E+000      3.977261E-003      0.000000E+000      9.919685E-005
  2.90000E+002  1.53005E+002  1.53005E+002  1.37482E+002  1.52505E+002  1.53005E+002         DBH      5.754976E+001      1.346615E-003      7.805967E+001      2.143626E-009      6.482367E-011      3.382643E-001      4.062882E-003      4.516195E-001      2.114492E-005      3.135752E-001      2.804936E-005      1.085303E-004      3.659806E-006      7.053363E-002      5.247150E-005      5.434572E-003      1.442813E-002      2.860494E-002      1.491004E-003      3.634033E-003      5.430718E-004      6.707844E-003      3.937838E-002      0.000000E+000      0.000000E+000      1.830343E-002      0.000000E+000      3.960957E-003      0.000000E+000      3.624925E-003      0.000000E+000      1.979033E-004      0.000000E+000      9.602675E-004      0.000000E+000      7.299801E-002      0.000000E+000      4.120839E-003      0.000000E+000      1.027778E-004
  3.00000E+002  1.58246E+002  1.58246E+002  1.42259E+002  1.57746E+002  1.58246E+002         DBH      5.920589E+001      1.345093E-003      8.108773E+001      2.285800E-009      6.647967E-011      3.639790E-001      4.289579E-003      4.693533E-001      2.143398E-005      3.341474E-001      2.843498E-005      1.084630E-004      3.661285E-006      7.293325E-002      5.284714E-005      5.797860E-003      1.500358E-002      2.960207E-002      1.583618E-003      3.723262E-003      5.782580E-004      6.990215E-003      4.074771E-002      0.000000E+000      0.000000E+000      1.893951E-002      0.000000E+000      4.098606E-003      0.000000E+000      3.750897E-003      0.000000E+000      2.047808E-004      0.000000E+000      9.936382E-004      0.000000E+000      7.553479E-002      0.000000E+000      4.264045E-003      0.000000E+000      1.063495E-004
  3.50000E+002  1.84411E+002  1.84411E+002  1.66356E+002  1.83911E+002  1.84411E+002         DBH      6.779448E+001      1.331471E-003      9.591684E+001      3.063930E-009      7.332430E-011      5.473804E-001      6.060607E-003      5.574522E-001      2.284053E-005      4.277596E-001      3.091815E-005      1.076471E-004      3.660148E-006      8.495337E-002      5.478064E-005      8.493566E-003      1.783896E-002      3.459861E-002      1.994544E-003      4.165766E-003      7.608095E-004      8.390175E-003      4.760612E-002      0.000000E+000      0.000000E+000      2.212537E-002      0.000000E+000      4.788045E-003      0.000000E+000      4.381846E-003      0.000000E+000      2.392275E-004      0.000000E+000      1.160781E-003      0.000000E+000      8.824072E-002      0.000000E+000      4.981312E-003      0.000000E+000      1.242389E-004
  4.00000E+002  2.10698E+002  2.10698E+002  1.90500E+002  2.10198E+002  2.10698E+002         DBH      7.657565E+001      1.375993E-003      1.107739E+002      3.965002E-009      8.153891E-011      5.143445E-001      6.680139E-003      6.454544E-001      2.482896E-005      4.006851E-001      3.264513E-005      1.115476E-004      3.798679E-006      9.691049E-002      5.760102E-005      8.332839E-003      2.062783E-002      3.957328E-002      2.060824E-003      4.514998E-003      9.520507E-004      9.781398E-003      5.442898E-002      0.000000E+000      0.000000E+000      2.529476E-002      0.000000E+000      5.473915E-003      0.000000E+000      5.009530E-003      0.000000E+000      2.734960E-004      0.000000E+000      1.327059E-003      0.000000E+000      1.008809E-001      0.000000E+000      5.694868E-003      0.000000E+000      1.420357E-004
  4.50000E+002  2.36949E+002  2.36949E+002  2.14368E+002  2.36449E+002  2.36949E+002         DBH      8.549457E+001      1.379137E-003      1.256261E+002      4.928676E-009      8.964818E-011      4.111507E-001      6.712181E-003      7.352315E-001      2.645899E-005      3.459820E-001      3.516583E-005      1.121231E-004      3.791724E-006      1.088838E-001      5.978524E-005      7.118225E-003      2.341673E-002      4.455954E-002      2.006364E-003      4.827363E-003      1.151334E-003      1.117878E-002      6.126170E-002      0.000000E+000      0.000000E+000      2.846871E-002      0.000000E+000      6.160776E-003      0.000000E+000      5.638120E-003      0.000000E+000      3.078140E-004      0.000000E+000      1.493576E-003      0.000000E+000      1.135393E-001      0.000000E+000      6.409453E-003      0.000000E+000      1.598581E-004
  5.00000E+002  2.63669E+002  2.63669E+002  2.38986E+002  2.63169E+002  2.63669E+002         DBH      9.453435E+001      1.407509E-003      1.399293E+002      6.388887E-009      1.023942E-010      3.080906E-001      6.621895E-003      8.224876E-001      2.832259E-005      2.547974E-001      3.696684E-005      1.150148E-004      3.874430E-006      1.206053E-001      6.244262E-005      6.157999E-003      2.612403E-002      4.945220E-002      1.731319E-003      5.092177E-003      1.353445E-003      1.254000E-002      6.795885E-002      0.000000E+000      0.000000E+000      3.157981E-002      0.000000E+000      6.834034E-003      0.000000E+000      6.254262E-003      0.000000E+000      3.414523E-004      0.000000E+000      1.656797E-003      0.000000E+000      1.259470E-001      0.000000E+000      7.109887E-003      0.000000E+000      1.773276E-004
  5.50000E+002  2.89321E+002  2.89321E+002  2.62388E+002  2.88821E+002  2.89321E+002         DBH      1.039562E+002      1.467895E-003      1.548825E+002      8.056896E-009      1.170436E-010      2.090518E-001      6.053151E-003      9.128379E-001      3.055863E-005      1.895326E-001      3.856258E-005      1.206005E-004      4.049815E-006      1.328662E-001      6.569748E-005      5.005017E-003      2.895829E-002      5.457072E-002      1.527421E-003      5.373485E-003      1.564311E-003      1.397417E-002      7.496301E-002      0.000000E+000      0.000000E+000      3.483350E-002      0.000000E+000      7.538148E-003      0.000000E+000      6.898642E-003      0.000000E+000      3.766323E-004      0.000000E+000      1.827497E-003      0.000000E+000      1.389234E-001      0.000000E+000      7.842422E-003      0.000000E+000      1.955978E-004
  6.00000E+002  3.14809E+002  3.14809E+002  2.85897E+002  3.14309E+002  3.14809E+002         DBH      1.138105E+002      1.485772E-003      1.696416E+002      1.070815E-008      1.411179E-010      6.640461E-002      4.736438E-003      1.004774E+000      3.248854E-005      9.464921E-002      4.082644E-005      1.233893E-004      4.118127E-006      1.452096E-001      6.854546E-005      3.264579E-003      3.180832E-002      5.973275E-002      1.133555E-003      5.628378E-003      1.780997E-003      1.540381E-002      8.201333E-002      0.000000E+000      0.000000E+000      3.810893E-002      0.000000E+000      8.246969E-003      0.000000E+000      7.547329E-003      0.000000E+000      4.120475E-004      0.000000E+000      1.999339E-003      0.000000E+000      1.519866E-001      0.000000E+000      8.579854E-003      0.000000E+000      2.139901E-004
