# Initial composition Z = 0.017
# 0.00000E+000  0.00000E+000  0.00000E+000  0.00000E+000  0.00000E+000  0.00000E+000          SN      7.039800E-001      2.524800E-005      2.789700E-001      1.088100E-008      1.844000E-010      3.056900E-003      3.704300E-005      8.247000E-004      2.028100E-006      7.479500E-003      3.019100E-006      1.686900E-005      5.618700E-007      1.588100E-003      3.997200E-006      1.284500E-004      4.003700E-005      5.869700E-004      7.740600E-005      8.863200E-005      0.000000E+000      6.487700E-005      8.117200E-004      3.801500E-005      7.278100E-006      3.777000E-004      9.133400E-006      8.173600E-005      4.104100E-006      7.480200E-005      5.418900E-008      4.083800E-006      4.149500E-007      1.981600E-005      1.098700E-005      1.506300E-003      3.993800E-006      8.503500E-005      8.396900E-007      2.120900E-006
# total ejecta
           Min          Mfin          M_HE          M_CO          Mrem          Mbar         SNT                  H                HE3                HE4                LI7                BE7                C12                C13                N14                N15                O16                O17                O18                F19               NE20               NE21               NE22               NA23               MG24               MG25               MG26               AL26               AL27               SI28               SI29                  P                  S                 CL                 AR                  K                 CA                 SC                 TI                  V                 CR                 MN                 FE                 CO                 NI                 CU                 ZN
  1.40000E+001  1.32357E+001  4.61115E+000  2.69079E+000  1.47692E+000  1.64052E+000        CCSN      6.301842E+000      2.733533E-004      4.654772E+000      1.451766E-009      1.017496E-013      2.075157E-001      1.139722E-003      4.785635E-002      8.444226E-006      6.051811E-001      4.842389E-005      3.355748E-003      4.684899E-006      1.184781E-001      1.659801E-004      1.200118E-002      3.105653E-003      5.189974E-002      4.087527E-003      5.748696E-003      5.846401E-007      4.176626E-003      1.324614E-001      3.113229E-003      0.000000E+000      6.415698E-002      2.000552E-004      1.132309E-002      7.947436E-005      8.373094E-003      2.384733E-006      1.975192E-004      2.840371E-005      2.279228E-003      1.167924E-003      1.035572E-001      2.396573E-004      5.603260E-003      5.299112E-005      6.051127E-005
  1.60000E+001  1.43814E+001  5.48160E+000  3.37482E+000  1.47725E+000  1.64092E+000        CCSN      7.221908E+000      3.400605E-004      5.018373E+000      1.766466E-009      2.553453E-013      2.613192E-001      1.296610E-003      4.330319E-002      1.167582E-005      9.729197E-001      5.983628E-005      4.036547E-003      6.503191E-006      3.173043E-001      3.040747E-004      1.916836E-002      7.540143E-003      9.258132E-002      9.902510E-003      1.106250E-002      6.478541E-006      1.066849E-002      1.454741E-001      3.935476E-003      0.000000E+000      6.706428E-002      2.326991E-004      1.165380E-002      9.127100E-005      8.574503E-003      3.898075E-006      2.018185E-004      2.901988E-005      2.222694E-003      1.149475E-003      1.065081E-001      3.658435E-004      6.139254E-003      1.069724E-004      9.064254E-005
  1.80000E+001  1.59452E+001  6.27056E+000  3.99967E+000  1.47755E+000  1.64128E+000        CCSN      7.916379E+000      4.996979E-004      5.667501E+000      2.018998E-009      6.047758E-013      3.168071E-001      7.089856E-004      3.709546E-002      1.968766E-005      1.308710E+000      5.754354E-005      4.936800E-003      8.497407E-006      4.992219E-001      4.149341E-004      2.679805E-002      1.161101E-002      1.298479E-001      1.522760E-002      1.593779E-002      6.595253E-006      1.660884E-002      1.574433E-001      4.685951E-003      0.000000E+000      6.975091E-002      2.621949E-004      1.197231E-002      1.019038E-004      8.772759E-003      5.275886E-006      2.014114E-004      2.966957E-005      2.188052E-003      1.145691E-003      1.098260E-001      4.783524E-004      6.573302E-003      1.565201E-004      1.160729E-004
  2.00000E+001  1.80055E+001  7.12603E+000  4.85258E+000  1.54753E+000  1.72715E+000        CCSN      8.171991E+000      3.625260E-004      6.491331E+000      2.201427E-009      1.759721E-011      4.245953E-001      1.170436E-003      6.187011E-002      1.387875E-005      1.807179E+000      6.355520E-005      3.453460E-003      8.568596E-006      6.052432E-001      6.167631E-004      2.749881E-002      1.697396E-002      1.327087E-001      1.824035E-002      2.158336E-002      4.532314E-006      2.233158E-002      1.942201E-001      5.164816E-003      0.000000E+000      9.415292E-002      4.136005E-004      1.714459E-002      2.103257E-004      1.177001E-002      9.260889E-006      2.757810E-004      3.223403E-005      2.186642E-003      1.118175E-003      1.129730E-001      6.686778E-004      7.394479E-003      2.840985E-004      1.983936E-004
  2.20000E+001  1.89937E+001  8.10150E+000  5.61026E+000  1.61655E+000  1.81254E+000        CCSN      8.665821E+000      3.852587E-004      7.135363E+000      2.379888E-009      4.702940E-012      5.620749E-001      9.240355E-004      6.189286E-002      1.488925E-005      2.267476E+000      7.164815E-005      3.181918E-003      1.301265E-005      6.847334E-001      7.588810E-004      4.163200E-002      2.152822E-002      1.303501E-001      2.056502E-002      2.642800E-002      6.230453E-006      2.717967E-002      2.269424E-001      5.542080E-003      0.000000E+000      1.178300E-001      5.579460E-004      2.256035E-002      3.074490E-004      1.544773E-002      1.307008E-005      3.011783E-004      3.850868E-005      2.866658E-003      1.467956E-003      1.239253E-001      7.639515E-004      6.728858E-003      4.022396E-004      2.483139E-004
  2.40000E+001  1.96020E+001  9.15193E+000  6.43799E+000  1.61965E+000  1.81640E+000        CCSN      9.123967E+000      3.676523E-004      7.831884E+000      2.569680E-009      5.701304E-013      5.908275E-001      1.106203E-003      7.187941E-002      1.156398E-005      2.830712E+000      7.496041E-005      2.320938E-003      1.382271E-005      8.833062E-001      8.429017E-004      4.197996E-002      2.712073E-002      1.585246E-001      2.354283E-002      3.372363E-002      7.626027E-006      3.609892E-002      2.268154E-001      6.270982E-003      0.000000E+000      1.149121E-001      5.798192E-004      2.175689E-002      2.846103E-004      1.524859E-002      1.498418E-005      3.131874E-004      3.902470E-005      2.969775E-003      1.476856E-003      1.167721E-001      8.470913E-004      6.486018E-003      4.937547E-004      3.464076E-004
  2.60000E+001  1.99933E+001  1.01978E+001  7.32802E+000  1.94933E+001  1.99933E+001         FSN      4.084974E+000      2.765724E-004      1.819402E+000      2.776278E-009      7.250858E-013      1.605924E-002      4.252480E-004      1.033533E-002      8.053153E-006      4.162792E-002      1.847132E-005      8.924322E-005      3.101936E-006      9.526040E-003      3.042412E-005      7.116241E-004      3.131732E-004      3.526408E-003      4.352923E-004      5.609814E-004      3.128429E-007      3.919279E-004      4.876643E-003      0.000000E+000      0.000000E+000      2.269131E-003      0.000000E+000      4.910516E-004      0.000000E+000      4.493928E-004      0.000000E+000      2.453466E-005      0.000000E+000      1.190472E-004      0.000000E+000      9.049779E-003      0.000000E+000      5.108727E-004      0.000000E+000      1.274167E-005
  2.80000E+001  2.02741E+001  1.13181E+001  8.31647E+000  1.97741E+001  2.02741E+001         FSN      5.189304E+000      3.147889E-004      2.405077E+000      2.995317E-009      9.357795E-013      1.954987E-002      7.632451E-004      1.623126E-002      7.713211E-006      5.140782E-002      2.282615E-005      1.101499E-004      3.807633E-006      1.224579E-002      4.227141E-005      8.727946E-004      4.523946E-004      4.535979E-003      5.424166E-004      7.383981E-004      6.386548E-007      5.052921E-004      6.272757E-003      0.000000E+000      0.000000E+000      2.918747E-003      0.000000E+000      6.316319E-004      0.000000E+000      5.780468E-004      0.000000E+000      3.155855E-005      0.000000E+000      1.531285E-004      0.000000E+000      1.164059E-002      0.000000E+000      6.571275E-004      0.000000E+000      1.638941E-005
  3.00000E+001  1.82575E+001  1.21957E+001  9.15006E+000  1.77575E+001  1.82575E+001         FSN      7.572669E+000      4.504744E-004      3.969973E+000      3.208825E-009      1.035471E-012      2.619647E-002      7.392972E-004      3.433310E-002      1.368717E-005      7.234641E-002      3.687365E-005      1.440061E-004      5.271101E-006      1.858094E-002      7.092535E-005      1.228404E-003      8.232281E-004      6.895550E-003      7.672587E-004      1.174467E-003      2.249583E-006      7.746133E-004      9.535712E-003      0.000000E+000      0.000000E+000      4.436998E-003      0.000000E+000      9.601891E-004      0.000000E+000      8.787305E-004      0.000000E+000      4.797442E-005      0.000000E+000      2.327817E-004      0.000000E+000      1.769570E-002      0.000000E+000      9.989467E-004      0.000000E+000      2.491473E-005
  3.50000E+001  1.44549E+001  1.44549E+001  1.11048E+001  1.39549E+001  1.44549E+001         FSN      1.164671E+001      5.421395E-004      8.550548E+000      3.881111E-009      7.162001E-011      3.330920E-002      1.513931E-003      1.027028E-001      1.696524E-005      9.461069E-002      5.613635E-005      1.845573E-004      6.735495E-006      3.232814E-002      1.458534E-004      1.587221E-003      2.243324E-003      1.207214E-002      1.044412E-003      2.295938E-003      2.120126E-005      1.411588E-003      1.669366E-002      0.000000E+000      0.000000E+000      7.767454E-003      0.000000E+000      1.680917E-003      0.000000E+000      1.538315E-003      0.000000E+000      8.398450E-005      0.000000E+000      4.075100E-004      0.000000E+000      3.097827E-002      0.000000E+000      1.748766E-003      0.000000E+000      4.361597E-005
  4.00000E+001  1.11174E+001  1.11174E+001  9.07401E+000  1.06174E+001  1.11174E+001         FSN      1.264647E+001      6.292272E-004      1.318085E+001      4.301864E-009      2.900045E-011      1.992585E+000      1.331636E-003      1.470439E-001      2.064310E-005      6.831214E-001      4.174706E-005      2.023058E-004      7.534510E-006      4.501330E-002      1.643630E-004      6.884003E-002      4.350882E-003      1.699090E-002      1.514572E-003      3.623804E-003      3.764826E-005      2.193169E-003      2.349185E-002      0.000000E+000      0.000000E+000      1.093014E-002      0.000000E+000      2.365338E-003      0.000000E+000      2.164672E-003      0.000000E+000      1.181806E-004      0.000000E+000      5.734363E-004      0.000000E+000      4.359172E-002      0.000000E+000      2.460813E-003      0.000000E+000      6.137514E-005
  5.00000E+001  1.33399E+001  1.33399E+001  1.10124E+001  1.28399E+001  1.33399E+001         FSN      1.524238E+001      7.393039E-004      1.727117E+001      5.402499E-009      9.790029E-011      2.756207E+000      1.531864E-003      1.869467E-001      2.491388E-005      8.888647E-001      5.125880E-005      2.337507E-004      8.902914E-006      5.697701E-002      1.652497E-004      1.053735E-001      5.925476E-003      2.157054E-002      2.046642E-003      4.637595E-003      7.190824E-005      2.881658E-003      2.982221E-002      0.000000E+000      0.000000E+000      1.387522E-002      0.000000E+000      3.002670E-003      0.000000E+000      2.747935E-003      0.000000E+000      1.500239E-004      0.000000E+000      7.279468E-004      0.000000E+000      5.533736E-002      0.000000E+000      3.123871E-003      0.000000E+000      7.791246E-005
  6.00000E+001  1.71358E+001  1.71358E+001  1.44215E+001  1.66358E+001  1.71358E+001         FSN      1.747435E+001      8.074856E-004      2.036219E+001      6.527290E-009      9.503026E-011      3.236352E+000      1.849621E-003      2.342917E-001      2.977628E-005      1.188976E+000      5.563410E-005      2.446385E-004      9.446023E-006      6.652598E-002      1.734003E-004      1.225087E-001      7.285043E-003      2.522486E-002      2.933972E-003      5.604254E-003      1.136254E-004      3.445493E-003      3.487181E-002      0.000000E+000      0.000000E+000      1.622441E-002      0.000000E+000      3.511045E-003      0.000000E+000      3.213182E-003      0.000000E+000      1.754241E-004      0.000000E+000      8.511938E-004      0.000000E+000      6.470640E-002      0.000000E+000      3.652767E-003      0.000000E+000      9.110364E-005
  7.00000E+001  1.75609E+001  1.75609E+001  1.49256E+001  1.70609E+001  1.75609E+001         FSN      1.988675E+001      8.564009E-004      2.643610E+001      7.702320E-009      1.323309E-011      3.962971E+000      1.444026E-003      2.992640E-001      3.472125E-005      1.385725E+000      6.231051E-005      2.546552E-004      1.024714E-005      8.114292E-002      1.833000E-004      1.677110E-001      9.540867E-003      3.086622E-002      3.410294E-003      6.883393E-003      1.765286E-004      4.350774E-003      4.267016E-002      0.000000E+000      0.000000E+000      1.985229E-002      0.000000E+000      4.296137E-003      0.000000E+000      3.931670E-003      0.000000E+000      2.146501E-004      0.000000E+000      1.041526E-003      0.000000E+000      7.917518E-002      0.000000E+000      4.469549E-003      0.000000E+000      1.114750E-004
  8.00000E+001  2.38326E+001  2.38326E+001  2.07385E+001  2.33326E+001  2.38326E+001         FSN      2.192092E+001      8.903462E-004      2.817359E+001      7.689441E-009      1.156202E-011      3.911414E+000      1.305341E-003      2.798457E-001      3.097967E-005      1.483903E+000      4.992409E-005      2.194440E-004      8.668296E-006      7.111990E-002      1.396570E-004      1.313264E-001      9.011600E-003      2.723182E-002      3.532355E-003      6.005726E-003      1.638752E-004      4.122111E-003      3.764018E-002      0.000000E+000      0.000000E+000      1.751114E-002      0.000000E+000      3.789502E-003      0.000000E+000      3.468016E-003      0.000000E+000      1.893368E-004      0.000000E+000      9.187010E-004      0.000000E+000      6.983818E-002      0.000000E+000      3.942463E-003      0.000000E+000      9.832895E-005
  8.00000E+001  2.38326E+001  2.38326E+001  2.07385E+001  2.33326E+001  2.38326E+001         FSN      2.192092E+001      8.903462E-004      2.817359E+001      7.689441E-009      1.156202E-011      3.911414E+000      1.305341E-003      2.798457E-001      3.097967E-005      1.483903E+000      4.992409E-005      2.194440E-004      8.668296E-006      7.111990E-002      1.396570E-004      1.313264E-001      9.011600E-003      2.723182E-002      3.532355E-003      6.005726E-003      1.638752E-004      4.122111E-003      3.764018E-002      0.000000E+000      0.000000E+000      1.751114E-002      0.000000E+000      3.789502E-003      0.000000E+000      3.468016E-003      0.000000E+000      1.893368E-004      0.000000E+000      9.187010E-004      0.000000E+000      6.983818E-002      0.000000E+000      3.942463E-003      0.000000E+000      9.832895E-005
  8.50000E+001  2.01053E+001  2.01053E+001  1.65191E+001  1.96053E+001  2.01053E+001         FSN      2.337971E+001      9.260488E-004      3.456322E+001      2.709448E-009      1.763711E-011      4.390575E+000      1.785922E-003      4.038700E-001      4.034846E-005      1.592153E+000      6.626870E-005      2.741961E-004      1.117152E-005      1.001662E-001      1.947356E-004      1.959104E-001      1.248357E-002      3.820727E-002      4.291270E-003      8.533557E-003      2.991526E-004      5.560077E-003      5.281596E-002      0.000000E+000      0.000000E+000      2.457212E-002      0.000000E+000      5.317533E-003      0.000000E+000      4.866415E-003      0.000000E+000      2.656826E-004      0.000000E+000      1.289146E-003      0.000000E+000      9.799888E-002      0.000000E+000      5.532173E-003      0.000000E+000      1.379779E-004
  9.00000E+001  2.08369E+001  2.08369E+001  1.70507E+001  2.03369E+001  2.08369E+001         FSN      2.449921E+001      9.231386E-004      3.747958E+001      2.972810E-009      1.783885E-011      4.494884E+000      1.908727E-003      4.443895E-001      4.122253E-005      1.649558E+000      6.947711E-005      2.731106E-004      1.119398E-005      1.066670E-001      1.976705E-004      2.018851E-001      1.354002E-002      4.072308E-002      4.560624E-003      9.078541E-003      3.456124E-004      5.988350E-003      5.629262E-002      0.000000E+000      0.000000E+000      2.618942E-002      0.000000E+000      5.667526E-003      0.000000E+000      5.186715E-003      0.000000E+000      2.831695E-004      0.000000E+000      1.373996E-003      0.000000E+000      1.044490E-001      0.000000E+000      5.896293E-003      0.000000E+000      1.470594E-004
  9.50000E+001  2.16824E+001  2.16824E+001  1.77207E+001  2.11824E+001  2.16824E+001         FSN      2.562889E+001      9.317134E-004      4.025108E+001      3.156671E-009      1.774654E-011      4.611978E+000      2.035183E-003      4.826204E-001      4.226520E-005      1.717544E+000      7.154203E-005      2.755774E-004      1.133723E-005      1.129976E-001      2.005756E-004      2.081379E-001      1.455372E-002      4.317180E-002      4.880132E-003      9.616081E-003      3.943588E-004      6.407042E-003      5.967634E-002      0.000000E+000      0.000000E+000      2.776349E-002      0.000000E+000      6.008161E-003      0.000000E+000      5.498452E-003      0.000000E+000      3.001888E-004      0.000000E+000      1.456578E-003      0.000000E+000      1.107267E-001      0.000000E+000      6.250678E-003      0.000000E+000      1.558981E-004
  1.00000E+002  2.24385E+001  2.24385E+001  1.85398E+001  2.19385E+001  2.24385E+001         FSN      2.676514E+001      9.384863E-004      4.313059E+001      3.564555E-009      2.188578E-011      4.711870E+000      2.166873E-003      5.224079E-001      4.322656E-005      1.776391E+000      7.366448E-005      2.778149E-004      1.146369E-005      1.194602E-001      2.034919E-004      2.136440E-001      1.559363E-002      4.567335E-002      5.175369E-003      1.015382E-002      4.472849E-004      6.836828E-003      6.313306E-002      0.000000E+000      0.000000E+000      2.937150E-002      0.000000E+000      6.356143E-003      0.000000E+000      5.816914E-003      0.000000E+000      3.175752E-004      0.000000E+000      1.540940E-003      0.000000E+000      1.171398E-001      0.000000E+000      6.612706E-003      0.000000E+000      1.649275E-004
  1.10000E+002  2.37379E+001  2.37379E+001  1.96658E+001  2.32379E+001  2.37379E+001         FSN      2.913654E+001      9.368190E-004      4.903632E+001      4.202274E-009      2.712935E-011      4.882384E+000      2.437625E-003      6.070987E-001      4.460329E-005      1.886192E+000      7.887673E-005      2.775372E-004      1.155799E-005      1.327111E-001      2.099256E-004      2.224949E-001      1.774261E-002      5.080167E-002      5.754875E-003      1.124299E-002      5.660442E-004      7.716106E-003      7.021940E-002      0.000000E+000      0.000000E+000      3.266796E-002      0.000000E+000      7.069513E-003      0.000000E+000      6.469764E-003      0.000000E+000      3.532177E-004      0.000000E+000      1.713885E-003      0.000000E+000      1.302868E-001      0.000000E+000      7.354871E-003      0.000000E+000      1.834378E-004
  1.20000E+002  2.49109E+001  2.49109E+001  2.07324E+001  2.44109E+001  2.49109E+001         FSN      3.155444E+001      9.459835E-004      5.505069E+001      4.930769E-009      3.379897E-011      5.034962E+000      2.723666E-003      6.937085E-001      4.633202E-005      1.984113E+000      8.267239E-005      2.805628E-004      1.171715E-005      1.461489E-001      2.164567E-004      2.297621E-001      1.992880E-002      5.600438E-002      6.296319E-003      1.232427E-002      6.987921E-004      8.611535E-003      7.740857E-002      0.000000E+000      0.000000E+000      3.601224E-002      0.000000E+000      7.793234E-003      0.000000E+000      7.132087E-003      0.000000E+000      3.893773E-004      0.000000E+000      1.889339E-003      0.000000E+000      1.436245E-001      0.000000E+000      8.107804E-003      0.000000E+000      2.022167E-004
  1.30000E+002  2.62082E+001  2.62082E+001  2.19354E+001  2.57082E+001  2.62082E+001         FSN      3.405357E+001      9.319870E-004      6.085218E+001      5.563863E-009      3.896619E-011      5.195320E+000      3.021030E-003      7.808950E-001      4.725461E-005      2.081463E+000      8.785306E-005      2.763838E-004      1.181229E-005      1.594058E-001      2.230748E-004      2.373594E-001      2.208971E-002      6.113346E-002      6.859248E-003      1.338572E-002      8.449539E-004      9.494303E-003      8.449594E-002      0.000000E+000      0.000000E+000      3.930915E-002      0.000000E+000      8.506703E-003      0.000000E+000      7.785028E-003      0.000000E+000      4.250247E-004      0.000000E+000      2.062307E-003      0.000000E+000      1.567733E-001      0.000000E+000      8.850072E-003      0.000000E+000      2.207296E-004
  1.40000E+002  2.76188E+001  2.76188E+001  2.31589E+001  2.71188E+001  2.76188E+001         FSN      3.654380E+001      9.219581E-004      6.654774E+001      6.466617E-009      4.805307E-011      5.354471E+000      3.334885E-003      8.653680E-001      4.829523E-005      2.184066E+000      9.330249E-005      2.735236E-004      1.195321E-005      1.724915E-001      2.292154E-004      2.455882E-001      2.420053E-002      6.619597E-002      7.495960E-003      1.442975E-002      9.986371E-004      1.037260E-002      9.149084E-002      0.000000E+000      0.000000E+000      4.256304E-002      0.000000E+000      9.210861E-003      0.000000E+000      8.429448E-003      0.000000E+000      4.602069E-004      0.000000E+000      2.233018E-003      0.000000E+000      1.697505E-001      0.000000E+000      9.582653E-003      0.000000E+000      2.390009E-004
  1.50000E+002  2.88704E+001  2.88704E+001  2.44123E+001  2.83704E+001  2.88704E+001         FSN      3.915223E+001      9.288486E-004      7.231442E+001      7.575244E-009      6.038290E-011      5.491865E+000      3.577440E-003      9.511916E-001      5.008341E-005      2.276878E+000      9.761963E-005      2.762707E-004      1.211559E-005      1.858261E-001      2.359740E-004      2.529537E-001      2.634222E-002      7.135185E-002      8.102140E-003      1.547632E-002      1.163470E-003      1.126254E-002      9.861481E-002      0.000000E+000      0.000000E+000      4.587698E-002      0.000000E+000      9.928014E-003      0.000000E+000      9.085761E-003      0.000000E+000      4.960384E-004      0.000000E+000      2.406880E-003      0.000000E+000      1.829672E-001      0.000000E+000      1.032875E-002      0.000000E+000      2.576094E-004
  1.60000E+002  3.03886E+001  3.03886E+001  2.58095E+001  2.98886E+001  3.03886E+001         FSN      4.172210E+001      9.251262E-004      7.780428E+001      8.294584E-009      6.635454E-011      5.658623E+000      3.905105E-003      1.034338E+000      5.137148E-005      2.392039E+000      1.014516E-004      2.752941E-004      1.218934E-005      1.987610E-001      2.419550E-004      2.613116E-001      2.842520E-002      7.635114E-002      8.867809E-003      1.651414E-002      1.334021E-003      1.213462E-002      1.055216E-001      0.000000E+000      0.000000E+000      4.908985E-002      0.000000E+000      1.062330E-002      0.000000E+000      9.722058E-003      0.000000E+000      5.307771E-004      0.000000E+000      2.575440E-003      0.000000E+000      1.957808E-001      0.000000E+000      1.105210E-002      0.000000E+000      2.756504E-004
  1.70000E+002  3.18349E+001  3.18349E+001  2.70735E+001  3.13349E+001  3.18349E+001         FSN      4.435022E+001      9.351187E-004      8.331839E+001      9.454151E-009      7.913404E-011      5.814475E+000      4.125968E-003      1.117761E+000      5.326584E-005      2.507699E+000      1.055190E-004      2.788488E-004      1.236502E-005      2.118104E-001      2.480979E-004      2.688035E-001      3.051081E-002      8.139278E-002      9.666074E-003      1.755489E-002      1.512124E-003      1.301439E-002      1.124866E-001      0.000000E+000      0.000000E+000      5.232983E-002      0.000000E+000      1.132444E-002      0.000000E+000      1.036372E-002      0.000000E+000      5.658089E-004      0.000000E+000      2.745421E-003      0.000000E+000      2.087026E-001      0.000000E+000      1.178155E-002      0.000000E+000      2.938436E-004
  1.80000E+002  3.31098E+001  3.31098E+001  2.82702E+001  3.26098E+001  3.31098E+001         FSN      4.708924E+001      9.306581E-004      8.892286E+001      1.134681E-008      1.042566E-010      5.953150E+000      4.408526E-003      1.204330E+000      5.475401E-005      2.607582E+000      1.102510E-004      2.786825E-004      1.243069E-005      2.251238E-001      2.545446E-004      2.752867E-001      3.263468E-002      8.653491E-002      1.038598E-002      1.859108E-002      1.699658E-003      1.390674E-002      1.195908E-001      0.000000E+000      0.000000E+000      5.563454E-002      0.000000E+000      1.203960E-002      0.000000E+000      1.101821E-002      0.000000E+000      6.015407E-004      0.000000E+000      2.918799E-003      0.000000E+000      2.218825E-001      0.000000E+000      1.252557E-002      0.000000E+000      3.124003E-004
  1.90000E+002  3.44338E+001  3.44338E+001  2.93536E+001  3.37930E+001  3.42930E+001       PPISN      4.981014E+001      9.201470E-004      9.450433E+001      1.177605E-008      1.038767E-010      6.145531E+000      4.733902E-003      1.291246E+000      5.584483E-005      2.782225E+000      1.143761E-004      2.751862E-004      1.251549E-005      2.385982E-001      2.605935E-004      2.847190E-001      3.481060E-002      9.173326E-002      1.156353E-002      1.973378E-002      1.896689E-003      1.481811E-002      1.267702E-001      0.000000E+000      0.000000E+000      5.897420E-002      0.000000E+000      1.276232E-002      0.000000E+000      1.167962E-002      0.000000E+000      6.376503E-004      0.000000E+000      3.094010E-003      0.000000E+000      2.352017E-001      0.000000E+000      1.327747E-002      0.000000E+000      3.311532E-004
  2.00000E+002  3.57891E+001  3.57891E+001  3.05939E+001  3.51144E+001  3.56144E+001       PPISN      5.263923E+001      9.388362E-004      9.993054E+001      1.524353E-008      1.547357E-010      6.303312E+000      5.000056E-003      1.373785E+000      5.825554E-005      2.907503E+000      1.177660E-004      2.832785E-004      1.276537E-005      2.518665E-001      2.673615E-004      2.924546E-001      3.688468E-002      9.684849E-002      1.250408E-002      2.078963E-002      2.089056E-003      1.570749E-002      1.338360E-001      0.000000E+000      0.000000E+000      6.226105E-002      0.000000E+000      1.347361E-002      0.000000E+000      1.233056E-002      0.000000E+000      6.731889E-004      0.000000E+000      3.266451E-003      0.000000E+000      2.483104E-001      0.000000E+000      1.401747E-002      0.000000E+000      3.496096E-004
  2.10000E+002  3.73213E+001  3.73213E+001  3.20139E+001  3.65356E+001  3.70356E+001       PPISN      5.552597E+001      9.590910E-004      1.051204E+002      2.158359E-008      2.532252E-010      6.497515E+000      5.246071E-003      1.452278E+000      6.095011E-005      3.078465E+000      1.224423E-004      2.941773E-004      1.324884E-005      2.650219E-001      2.744382E-004      3.012121E-001      3.888366E-002      1.019061E-001      1.382518E-002      2.189294E-002      2.278319E-003      1.658781E-002      1.408201E-001      0.000000E+000      0.000000E+000      6.550990E-002      0.000000E+000      1.417668E-002      0.000000E+000      1.297399E-002      0.000000E+000      7.083166E-004      0.000000E+000      3.436897E-003      0.000000E+000      2.612675E-001      0.000000E+000      1.474891E-002      0.000000E+000      3.678526E-004
  2.20000E+002  3.88642E+001  3.88642E+001  3.34404E+001  3.77519E+001  3.82519E+001       PPISN      5.833027E+001      9.657639E-004      1.104092E+002      2.507217E-008      3.035026E-010      6.760259E+000      5.534763E-003      1.533367E+000      6.287486E-005      3.360736E+000      1.261015E-004      2.984302E-004      1.356663E-005      2.785441E-001      2.805154E-004      3.134609E-001      4.100032E-002      1.070894E-001      1.598359E-002      2.319123E-002      2.479107E-003      1.750762E-002      1.479721E-001      0.000000E+000      0.000000E+000      6.883678E-002      0.000000E+000      1.489663E-002      0.000000E+000      1.363286E-002      0.000000E+000      7.442880E-004      0.000000E+000      3.611438E-003      0.000000E+000      2.745358E-001      0.000000E+000      1.549793E-002      0.000000E+000      3.865338E-004
  2.30000E+002  4.02612E+001  4.02612E+001  3.46225E+001  3.85718E+001  3.90718E+001       PPISN      6.114754E+001      9.706975E-004      1.158609E+002      2.765109E-008      3.378352E-010      7.075015E+000      5.818898E-003      1.617262E+000      6.470959E-005      3.802365E+000      1.295863E-004      7.444691E-004      1.386140E-005      2.928813E-001      2.864056E-004      3.273358E-001      4.325034E-002      1.125169E-001      1.976773E-002      2.483504E-002      2.690701E-003      1.847925E-002      1.554479E-001      0.000000E+000      0.000000E+000      7.231425E-002      0.000000E+000      1.564917E-002      0.000000E+000      1.432156E-002      0.000000E+000      7.818877E-004      0.000000E+000      3.793879E-003      0.000000E+000      2.884047E-001      0.000000E+000      1.628085E-002      0.000000E+000      4.060605E-004
  2.40000E+002  4.13802E+001  4.13802E+001  3.57828E+001  3.87508E+001  3.92508E+001       PPISN      6.411690E+001      9.748529E-004      1.215118E+002      3.135123E-008      3.915896E-010      7.429310E+000      6.122036E-003      1.704942E+000      6.667544E-005      4.481525E+000      1.336174E-004      7.284021E-004      1.413709E-005      3.089391E-001      2.932330E-004      3.420863E-001      4.565091E-002      1.183533E-001      2.683857E-002      2.710618E-002      2.913560E-003      1.951753E-002      1.634462E-001      0.000000E+000      0.000000E+000      7.603471E-002      0.000000E+000      1.645430E-002      0.000000E+000      1.505839E-002      0.000000E+000      8.221147E-004      0.000000E+000      3.989069E-003      0.000000E+000      3.032427E-001      0.000000E+000      1.711847E-002      0.000000E+000      4.269518E-004
  2.50000E+002  4.24232E+001  4.24232E+001  3.67020E+001  3.87717E+001  3.92717E+001       PPISN      6.708743E+001      9.909417E-004      1.272284E+002      3.410134E-008      4.281251E-010      7.757786E+000      6.375724E-003      1.792481E+000      6.904665E-005      5.272086E+000      1.363150E-004      1.106958E-003      1.442142E-005      3.270059E-001      2.996065E-004      3.559419E-001      4.811178E-002      1.243698E-001      3.716462E-002      2.984958E-002      3.142793E-003      2.058041E-002      1.715741E-001      0.000000E+000      0.000000E+000      7.981531E-002      0.000000E+000      1.727244E-002      0.000000E+000      1.580712E-002      0.000000E+000      8.629918E-004      0.000000E+000      4.187413E-003      0.000000E+000      3.183205E-001      0.000000E+000      1.796964E-002      0.000000E+000      4.481806E-004
  2.60000E+002  4.37254E+001  4.37254E+001  3.78387E+001  3.85308E+001  3.90308E+001       PPISN      6.995209E+001      9.893603E-004      1.327455E+002      3.638933E-008      4.568222E-010      8.149943E+000      6.688621E-003      1.878798E+000      7.061312E-005      6.547022E+000      1.405815E-004      1.219678E-003      1.494761E-005      3.539121E-001      3.055350E-004      3.679387E-001      5.066433E-002      1.310598E-001      5.788054E-002      3.411113E-002      3.374163E-003      2.170236E-002      1.799186E-001      0.000000E+000      0.000000E+000      8.369591E-002      0.000000E+000      1.811222E-002      0.000000E+000      1.657565E-002      0.000000E+000      9.049502E-004      0.000000E+000      4.391004E-003      0.000000E+000      3.337972E-001      0.000000E+000      1.884332E-002      0.000000E+000      4.699710E-004
  2.70000E+002  4.48740E+001  4.48740E+001  3.87934E+001  3.91399E+001  3.96399E+001       PPISN      7.290432E+001      9.953897E-004      1.383123E+002      3.899033E-008      4.900101E-010      8.343807E+000      6.989940E-003      1.966121E+000      7.253197E-005      7.060909E+000      1.444189E-004      1.307163E-003      1.523295E-005      3.743999E-001      3.117137E-004      3.749465E-001      5.295332E-002      1.371631E-001      6.662002E-002      3.637867E-002      3.601414E-003      2.269830E-002      1.875668E-001      0.000000E+000      0.000000E+000      8.725309E-002      0.000000E+000      1.888202E-002      0.000000E+000      1.728014E-002      0.000000E+000      9.434118E-004      0.000000E+000      4.577627E-003      0.000000E+000      3.479840E-001      0.000000E+000      1.964418E-002      0.000000E+000      4.899454E-004
  2.80000E+002  4.63642E+001  4.63642E+001  4.02302E+001  4.01466E+001  4.06466E+001       PPISN      7.575170E+001      1.007317E-003      1.436134E+002      4.277730E-008      5.448704E-010      8.536366E+000      7.240752E-003      2.047658E+000      7.471444E-005      7.551624E+000      1.478924E-004      1.361708E-003      1.569495E-005      3.983297E-001      3.170953E-004      3.827889E-001      5.513120E-002      1.434917E-001      7.554346E-002      3.858490E-002      3.821101E-003      2.366402E-002      1.948915E-001      0.000000E+000      0.000000E+000      9.065961E-002      0.000000E+000      1.961921E-002      0.000000E+000      1.795479E-002      0.000000E+000      9.802443E-004      0.000000E+000      4.756346E-003      0.000000E+000      3.615699E-001      0.000000E+000      2.041113E-002      0.000000E+000      5.090738E-004
  2.90000E+002  4.77992E+001  4.77992E+001  4.16112E+001  4.07637E+001  4.12637E+001       PPISN      7.858036E+001      1.025241E-003      1.489933E+002      4.502353E-008      5.727548E-010      8.760260E+000      7.533082E-003      2.131008E+000      7.696437E-005      8.312005E+000      1.502978E-004      1.373334E-003      1.625149E-005      4.397827E-001      3.225937E-004      3.894490E-001      5.744056E-002      1.523406E-001      9.017978E-002      4.163652E-002      4.049852E-003      2.468700E-002      2.025371E-001      0.000000E+000      0.000000E+000      9.421434E-002      0.000000E+000      2.038847E-002      0.000000E+000      1.865879E-002      0.000000E+000      1.018679E-003      0.000000E+000      4.942841E-003      0.000000E+000      3.757469E-001      0.000000E+000      2.121144E-002      0.000000E+000      5.290343E-004
  3.00000E+002  4.92797E+001  4.92797E+001  4.30131E+001  4.23472E+001  4.28472E+001       PPISN      8.145074E+001      1.031389E-003      1.542789E+002      4.833386E-008      6.179057E-010      8.870125E+000      7.817414E-003      2.213830E+000      7.876915E-005      8.329914E+000      1.546304E-004      1.076213E-003      1.602932E-005      4.495028E-001      3.280524E-004      3.961203E-001      5.944726E-002      1.568684E-001      8.982663E-002      4.243828E-002      4.267546E-003      2.557551E-002      2.093883E-001      0.000000E+000      0.000000E+000      9.740148E-002      0.000000E+000      2.107818E-002      0.000000E+000      1.928999E-002      0.000000E+000      1.053140E-003      0.000000E+000      5.110050E-003      0.000000E+000      3.884579E-001      0.000000E+000      2.192899E-002      0.000000E+000      5.469309E-004
  3.50000E+002  5.51001E+001  5.51001E+001  4.82788E+001  4.71230E+001  4.76230E+001       PPISN      9.679437E+001      1.072246E-003      1.815401E+002      6.361827E-008      8.222030E-010      9.481211E+000      9.311253E-003      2.650676E+000      8.873744E-005      9.555112E+000      1.731288E-004      9.075904E-004      1.763247E-005      5.528744E-001      3.584268E-004      4.227661E-001      7.029658E-002      1.888795E-001      1.119951E-001      5.018923E-002      5.471707E-003      3.033329E-002      2.462115E-001      0.000000E+000      0.000000E+000      1.145281E-001      0.000000E+000      2.478446E-002      0.000000E+000      2.268185E-002      0.000000E+000      1.238319E-003      0.000000E+000      6.008577E-003      0.000000E+000      4.567625E-001      0.000000E+000      2.578488E-002      0.000000E+000      6.431005E-004
  4.00000E+002  5.65530E+001  5.65530E+001  4.94682E+001  4.69155E+001  4.74155E+001       PPISN      1.157540E+002      1.120174E-003      2.101122E+002      7.670756E-008      9.981807E-010      9.804453E+000      1.097344E-002      3.152391E+000      9.951804E-005      1.101015E+001      1.892787E-004      8.282846E-004      1.865207E-005      6.905259E-001      4.007287E-004      4.310568E-001      8.212440E-002      2.296048E-001      1.408110E-001      5.937198E-002      6.964363E-003      3.531469E-002      2.870823E-001      0.000000E+000      0.000000E+000      1.335367E-001      0.000000E+000      2.889802E-002      0.000000E+000      2.644643E-002      0.000000E+000      1.443847E-003      0.000000E+000      7.005840E-003      0.000000E+000      5.325728E-001      0.000000E+000      3.006448E-002      0.000000E+000      7.498380E-004
  4.50000E+002  5.66574E+001  5.66574E+001  4.97481E+001  4.68033E+001  4.73033E+001       PPISN      1.376060E+002      1.190013E-003      2.373133E+002      8.697894E-008      1.133929E-009      9.839770E+000      1.268716E-002      3.677483E+000      1.106507E-004      1.120473E+001      2.005403E-004      8.894890E-004      1.923242E-005      7.819111E-001      4.504936E-004      4.324504E-001      9.351393E-002      2.608944E-001      1.449802E-001      6.498324E-002      8.682735E-003      3.996478E-002      3.278473E-001      0.000000E+000      0.000000E+000      1.525004E-001      0.000000E+000      3.300186E-002      0.000000E+000      3.020212E-002      0.000000E+000      1.648889E-003      0.000000E+000      8.000747E-003      0.000000E+000      6.082041E-001      0.000000E+000      3.433397E-002      0.000000E+000      8.563234E-004
  5.00000E+002  5.66369E+001  5.66369E+001  4.96923E+001  4.68253E+001  4.73253E+001       PPISN      1.619416E+002      1.259961E-003      2.621611E+002      1.013304E-007      1.338685E-009      9.856007E+000      1.440831E-002      4.204055E+000      1.224464E-004      1.118029E+001      2.113181E-004      6.254351E-004      1.984948E-005      8.570837E-001      5.059520E-004      4.310808E-001      1.043850E-001      2.900321E-001      1.444301E-001      6.985110E-002      1.053568E-002      4.435912E-002      3.684845E-001      0.000000E+000      0.000000E+000      1.714062E-001      0.000000E+000      3.709319E-002      0.000000E+000      3.394635E-002      0.000000E+000      1.853306E-003      0.000000E+000      8.992620E-003      0.000000E+000      6.836046E-001      0.000000E+000      3.859044E-002      0.000000E+000      9.624839E-004
  5.50000E+002  5.65836E+001  5.65836E+001  4.95223E+001  4.68826E+001  4.73826E+001       PPISN      1.884634E+002      1.358938E-003      2.848922E+002      1.218365E-007      1.660502E-009      9.844093E+000      1.611387E-002      4.721176E+000      1.356732E-004      1.109345E+001      2.237030E-004      1.040800E-003      2.100816E-005      9.261192E-001      5.665784E-004      4.329690E-001      1.147438E-001      3.183088E-001      1.431262E-001      7.450400E-002      1.244935E-002      4.854134E-002      4.090781E-001      0.000000E+000      0.000000E+000      1.902927E-001      0.000000E+000      4.118032E-002      0.000000E+000      3.768675E-002      0.000000E+000      2.057513E-003      0.000000E+000      9.983477E-003      0.000000E+000      7.589281E-001      0.000000E+000      4.284255E-002      0.000000E+000      1.068536E-003
  6.00000E+002  5.65945E+001  5.65945E+001  4.95449E+001  4.68709E+001  4.73709E+001       PPISN      2.170015E+002      1.462142E-003      3.055228E+002      1.455726E-007      2.024396E-009      9.843739E+000      1.779822E-002      5.230432E+000      1.489775E-004      1.114461E+001      2.454516E-004      8.106033E-004      2.217429E-005      1.004855E+000      6.297593E-004      4.334821E-001      1.245876E-001      3.479939E-001      1.445338E-001      7.942930E-002      1.433038E-002      5.254322E-002      4.497164E-001      0.000000E+000      0.000000E+000      2.092001E-001      0.000000E+000      4.527196E-002      0.000000E+000      4.143127E-002      0.000000E+000      2.261946E-003      0.000000E+000      1.097543E-002      0.000000E+000      8.343345E-001      0.000000E+000      4.709935E-002      0.000000E+000      1.174705E-003
