# Initial composition Z = 0.017
# 0.00000E+000  0.00000E+000  0.00000E+000  0.00000E+000      7.039800E-001      2.524800E-005      2.789700E-001      1.088100E-008      1.844000E-010      3.056900E-003      3.704300E-005      8.247000E-004      2.028100E-006      7.479500E-003      3.019100E-006      1.686900E-005      5.618700E-007      1.588100E-003      3.997200E-006      1.284500E-004      4.003700E-005      5.869700E-004      7.740600E-005      8.863200E-005      0.000000E+000      6.487700E-005      8.117200E-004      3.801500E-005      7.278100E-006      3.777000E-004      9.133400E-006      8.173600E-005      4.104100E-006      7.480200E-005      5.418900E-008      4.083800E-006      4.149500E-007      1.981600E-005      1.098700E-005      1.506300E-003      3.993800E-006      8.503500E-005      8.396900E-007      2.120900E-006
# winds ejecta
           Min          Mfin          M_HE          M_CO                  H                HE3                HE4                LI7                BE7                C12                C13                N14                N15                O16                O17                O18                F19               NE20               NE21               NE22               NA23               MG24               MG25               MG26               AL26               AL27               SI28               SI29                  P                  S                 CL                 AR                  K                 CA                 SC                 TI                  V                 CR                 MN                 FE                 CO                 NI                 CU                 ZN
  1.40000E+001  1.32357E+001  4.61115E+000  2.69079E+000      5.135043E-001      2.748978E-005      2.377312E-001      1.450219E-009      8.606576E-014      1.500665E-003      7.375819E-005      2.258880E-003      8.290026E-007      4.920011E-003      2.934688E-006      9.210279E-006      3.630360E-007      1.212157E-003      5.007968E-006      8.233466E-005      4.720029E-005      4.487236E-004      5.324139E-005      7.378707E-005      3.750272E-009      4.973470E-005      6.205372E-004      0.000000E+000      0.000000E+000      2.887401E-004      0.000000E+000      6.248485E-005      0.000000E+000      5.718388E-005      0.000000E+000      3.121962E-006      0.000000E+000      1.514840E-005      0.000000E+000      1.151558E-003      0.000000E+000      6.500702E-005      0.000000E+000      1.621340E-006
  1.60000E+001  1.43814E+001  5.48160E+000  3.37482E+000      1.079679E+000      5.928584E-005      5.113361E-001      1.760054E-009      2.551093E-013      3.430317E-003      1.655468E-004      4.428533E-003      1.779870E-006      1.047843E-002      5.998576E-006      2.001709E-005      7.782660E-007      2.566309E-003      1.112943E-005      1.769858E-004      9.771325E-005      9.503513E-004      1.119754E-004      1.569328E-004      3.232177E-008      1.054671E-004      1.314234E-003      0.000000E+000      0.000000E+000      6.115212E-004      0.000000E+000      1.323363E-004      0.000000E+000      1.211094E-004      0.000000E+000      6.611988E-006      0.000000E+000      3.208271E-005      0.000000E+000      2.438877E-003      0.000000E+000      1.376780E-004      0.000000E+000      3.433828E-006
  1.80000E+001  1.59452E+001  6.27056E+000  3.99967E+000      1.396837E+000      9.906732E-005      6.228844E-001      2.014355E-009      6.036114E-013      5.360931E-003      8.949412E-005      3.847027E-003      3.357500E-006      1.412907E-002      6.978151E-006      2.962703E-005      1.051720E-006      3.259326E-003      1.175793E-005      2.404729E-004      1.079347E-004      1.206294E-003      1.485088E-004      1.926517E-004      5.333154E-008      1.337718E-004      1.668177E-003      0.000000E+000      0.000000E+000      7.762138E-004      0.000000E+000      1.679767E-004      0.000000E+000      1.537262E-004      0.000000E+000      8.392704E-006      0.000000E+000      4.072311E-005      0.000000E+000      3.095707E-003      0.000000E+000      1.747570E-004      0.000000E+000      4.358612E-006
  2.00000E+001  1.80055E+001  7.12603E+000  4.85258E+000      1.297856E+000      7.332004E-005      6.626867E-001      2.166583E-009      2.766029E-012      4.242786E-003      1.488719E-004      6.018862E-003      2.385636E-006      1.232040E-002      6.918177E-006      2.380643E-005      9.010931E-007      3.158899E-003      1.488036E-005      2.069587E-004      1.350716E-004      1.171183E-003      1.319773E-004      1.989670E-004      1.564678E-007      1.305561E-004      1.619613E-003      0.000000E+000      0.000000E+000      7.536143E-004      0.000000E+000      1.630860E-004      0.000000E+000      1.492504E-004      0.000000E+000      8.148350E-006      0.000000E+000      3.953746E-005      0.000000E+000      3.005575E-003      0.000000E+000      1.696689E-004      0.000000E+000      4.231712E-006
  2.20000E+001  1.89937E+001  8.10150E+000  5.61026E+000      1.973420E+000      1.172899E-004      9.816992E-001      2.358486E-009      1.283848E-012      6.750729E-003      1.954899E-004      8.198210E-003      3.735385E-006      1.912783E-002      1.011518E-005      3.739055E-005      1.408591E-006      4.762231E-003      2.014620E-005      3.241714E-004      1.921446E-004      1.765258E-003      2.030990E-004      2.954422E-004      2.863332E-007      1.968368E-004      2.441151E-003      0.000000E+000      0.000000E+000      1.135880E-003      0.000000E+000      2.458103E-004      0.000000E+000      2.249568E-004      0.000000E+000      1.228155E-005      0.000000E+000      5.959258E-005      0.000000E+000      4.530134E-003      0.000000E+000      2.557323E-004      0.000000E+000      6.378220E-006
  2.40000E+001  1.96020E+001  9.15193E+000  6.43799E+000      2.981448E+000      1.864101E-004      1.341565E+000      2.566841E-009      5.346054E-013      1.135250E-002      3.808442E-004      8.168947E-003      4.741918E-006      3.025047E-002      1.384028E-005      6.330396E-005      2.257014E-006      6.974264E-003      2.353819E-005      5.170186E-004      2.327729E-004      2.581985E-003      3.166269E-004      4.129660E-004      2.285035E-007      2.869103E-004      3.570606E-003      0.000000E+000      0.000000E+000      1.661425E-003      0.000000E+000      3.595408E-004      0.000000E+000      3.290388E-004      0.000000E+000      1.796392E-005      0.000000E+000      8.716463E-005      0.000000E+000      6.626117E-003      0.000000E+000      3.740535E-004      0.000000E+000      9.329268E-006
  2.60000E+001  1.99933E+001  1.01978E+001  7.32802E+000      4.084974E+000      2.765724E-004      1.819402E+000      2.776278E-009      7.250858E-013      1.605924E-002      4.252480E-004      1.033533E-002      8.053153E-006      4.162792E-002      1.847132E-005      8.924322E-005      3.101936E-006      9.526040E-003      3.042412E-005      7.116241E-004      3.131732E-004      3.526408E-003      4.352923E-004      5.609814E-004      3.128429E-007      3.919279E-004      4.876643E-003      0.000000E+000      0.000000E+000      2.269131E-003      0.000000E+000      4.910516E-004      0.000000E+000      4.493928E-004      0.000000E+000      2.453466E-005      0.000000E+000      1.190472E-004      0.000000E+000      9.049779E-003      0.000000E+000      5.108727E-004      0.000000E+000      1.274167E-005
  2.80000E+001  2.02741E+001  1.13181E+001  8.31647E+000      5.189304E+000      3.147889E-004      2.405077E+000      2.995317E-009      9.357795E-013      1.954987E-002      7.632451E-004      1.623126E-002      7.713211E-006      5.140782E-002      2.282615E-005      1.101499E-004      3.807633E-006      1.224579E-002      4.227141E-005      8.727946E-004      4.523946E-004      4.535979E-003      5.424166E-004      7.383981E-004      6.386548E-007      5.052921E-004      6.272757E-003      0.000000E+000      0.000000E+000      2.918747E-003      0.000000E+000      6.316319E-004      0.000000E+000      5.780468E-004      0.000000E+000      3.155855E-005      0.000000E+000      1.531285E-004      0.000000E+000      1.164059E-002      0.000000E+000      6.571275E-004      0.000000E+000      1.638941E-005
  3.00000E+001  1.82575E+001  1.21957E+001  9.15006E+000      7.572669E+000      4.504744E-004      3.969973E+000      3.208825E-009      1.035471E-012      2.619647E-002      7.392972E-004      3.433310E-002      1.368717E-005      7.234641E-002      3.687365E-005      1.440061E-004      5.271101E-006      1.858094E-002      7.092535E-005      1.228404E-003      8.232281E-004      6.895550E-003      7.672587E-004      1.174467E-003      2.249583E-006      7.746133E-004      9.535712E-003      0.000000E+000      0.000000E+000      4.436998E-003      0.000000E+000      9.601891E-004      0.000000E+000      8.787305E-004      0.000000E+000      4.797442E-005      0.000000E+000      2.327817E-004      0.000000E+000      1.769570E-002      0.000000E+000      9.989467E-004      0.000000E+000      2.491473E-005
  3.50000E+001  1.44549E+001  1.44549E+001  1.11048E+001      1.164671E+001      5.421395E-004      8.550548E+000      3.881111E-009      7.162001E-011      3.330920E-002      1.513931E-003      1.027028E-001      1.696524E-005      9.461069E-002      5.613635E-005      1.845573E-004      6.735495E-006      3.232814E-002      1.458534E-004      1.587221E-003      2.243324E-003      1.207214E-002      1.044412E-003      2.295938E-003      2.120126E-005      1.411588E-003      1.669366E-002      0.000000E+000      0.000000E+000      7.767454E-003      0.000000E+000      1.680917E-003      0.000000E+000      1.538315E-003      0.000000E+000      8.398450E-005      0.000000E+000      4.075100E-004      0.000000E+000      3.097827E-002      0.000000E+000      1.748766E-003      0.000000E+000      4.361597E-005
  4.00000E+001  1.11174E+001  1.11174E+001  9.07401E+000      1.264647E+001      6.292272E-004      1.318085E+001      4.301864E-009      2.900045E-011      1.992585E+000      1.331636E-003      1.470439E-001      2.064310E-005      6.831214E-001      4.174706E-005      2.023058E-004      7.534510E-006      4.501330E-002      1.643630E-004      6.884003E-002      4.350882E-003      1.699090E-002      1.514572E-003      3.623804E-003      3.764826E-005      2.193169E-003      2.349185E-002      0.000000E+000      0.000000E+000      1.093014E-002      0.000000E+000      2.365338E-003      0.000000E+000      2.164672E-003      0.000000E+000      1.181806E-004      0.000000E+000      5.734363E-004      0.000000E+000      4.359172E-002      0.000000E+000      2.460813E-003      0.000000E+000      6.137514E-005
  5.00000E+001  1.33399E+001  1.33399E+001  1.10124E+001      1.524238E+001      7.393039E-004      1.727117E+001      5.402499E-009      9.790029E-011      2.756207E+000      1.531864E-003      1.869467E-001      2.491388E-005      8.888647E-001      5.125880E-005      2.337507E-004      8.902914E-006      5.697701E-002      1.652497E-004      1.053735E-001      5.925476E-003      2.157054E-002      2.046642E-003      4.637595E-003      7.190824E-005      2.881658E-003      2.982221E-002      0.000000E+000      0.000000E+000      1.387522E-002      0.000000E+000      3.002670E-003      0.000000E+000      2.747935E-003      0.000000E+000      1.500239E-004      0.000000E+000      7.279468E-004      0.000000E+000      5.533736E-002      0.000000E+000      3.123871E-003      0.000000E+000      7.791246E-005
  6.00000E+001  1.71358E+001  1.71358E+001  1.44215E+001      1.747435E+001      8.074856E-004      2.036219E+001      6.527290E-009      9.503026E-011      3.236352E+000      1.849621E-003      2.342917E-001      2.977628E-005      1.188976E+000      5.563410E-005      2.446385E-004      9.446023E-006      6.652598E-002      1.734003E-004      1.225087E-001      7.285043E-003      2.522486E-002      2.933972E-003      5.604254E-003      1.136254E-004      3.445493E-003      3.487181E-002      0.000000E+000      0.000000E+000      1.622441E-002      0.000000E+000      3.511045E-003      0.000000E+000      3.213182E-003      0.000000E+000      1.754241E-004      0.000000E+000      8.511938E-004      0.000000E+000      6.470640E-002      0.000000E+000      3.652767E-003      0.000000E+000      9.110364E-005
  7.00000E+001  1.75609E+001  1.75609E+001  1.49256E+001      1.988675E+001      8.564009E-004      2.643610E+001      7.702320E-009      1.323309E-011      3.962971E+000      1.444026E-003      2.992640E-001      3.472125E-005      1.385725E+000      6.231051E-005      2.546552E-004      1.024714E-005      8.114292E-002      1.833000E-004      1.677110E-001      9.540867E-003      3.086622E-002      3.410294E-003      6.883393E-003      1.765286E-004      4.350774E-003      4.267016E-002      0.000000E+000      0.000000E+000      1.985229E-002      0.000000E+000      4.296137E-003      0.000000E+000      3.931670E-003      0.000000E+000      2.146501E-004      0.000000E+000      1.041526E-003      0.000000E+000      7.917518E-002      0.000000E+000      4.469549E-003      0.000000E+000      1.114750E-004
  8.00000E+001  2.38326E+001  2.38326E+001  2.07385E+001      2.192092E+001      8.903462E-004      2.817359E+001      7.689441E-009      1.156202E-011      3.911414E+000      1.305341E-003      2.798457E-001      3.097967E-005      1.483903E+000      4.992409E-005      2.194440E-004      8.668296E-006      7.111990E-002      1.396570E-004      1.313264E-001      9.011600E-003      2.723182E-002      3.532355E-003      6.005726E-003      1.638752E-004      4.122111E-003      3.764018E-002      0.000000E+000      0.000000E+000      1.751114E-002      0.000000E+000      3.789502E-003      0.000000E+000      3.468016E-003      0.000000E+000      1.893368E-004      0.000000E+000      9.187010E-004      0.000000E+000      6.983818E-002      0.000000E+000      3.942463E-003      0.000000E+000      9.832895E-005
  8.00000E+001  2.38326E+001  2.38326E+001  2.07385E+001      2.192092E+001      8.903462E-004      2.817359E+001      7.689441E-009      1.156202E-011      3.911414E+000      1.305341E-003      2.798457E-001      3.097967E-005      1.483903E+000      4.992409E-005      2.194440E-004      8.668296E-006      7.111990E-002      1.396570E-004      1.313264E-001      9.011600E-003      2.723182E-002      3.532355E-003      6.005726E-003      1.638752E-004      4.122111E-003      3.764018E-002      0.000000E+000      0.000000E+000      1.751114E-002      0.000000E+000      3.789502E-003      0.000000E+000      3.468016E-003      0.000000E+000      1.893368E-004      0.000000E+000      9.187010E-004      0.000000E+000      6.983818E-002      0.000000E+000      3.942463E-003      0.000000E+000      9.832895E-005
  8.50000E+001  2.01053E+001  2.01053E+001  1.65191E+001      2.337971E+001      9.260488E-004      3.456322E+001      2.709448E-009      1.763711E-011      4.390575E+000      1.785922E-003      4.038700E-001      4.034846E-005      1.592153E+000      6.626870E-005      2.741961E-004      1.117152E-005      1.001662E-001      1.947356E-004      1.959104E-001      1.248357E-002      3.820727E-002      4.291270E-003      8.533557E-003      2.991526E-004      5.560077E-003      5.281596E-002      0.000000E+000      0.000000E+000      2.457212E-002      0.000000E+000      5.317533E-003      0.000000E+000      4.866415E-003      0.000000E+000      2.656826E-004      0.000000E+000      1.289146E-003      0.000000E+000      9.799888E-002      0.000000E+000      5.532173E-003      0.000000E+000      1.379779E-004
  9.00000E+001  2.08369E+001  2.08369E+001  1.70507E+001      2.449921E+001      9.231386E-004      3.747958E+001      2.972810E-009      1.783885E-011      4.494884E+000      1.908727E-003      4.443895E-001      4.122253E-005      1.649558E+000      6.947711E-005      2.731106E-004      1.119398E-005      1.066670E-001      1.976705E-004      2.018851E-001      1.354002E-002      4.072308E-002      4.560624E-003      9.078541E-003      3.456124E-004      5.988350E-003      5.629262E-002      0.000000E+000      0.000000E+000      2.618942E-002      0.000000E+000      5.667526E-003      0.000000E+000      5.186715E-003      0.000000E+000      2.831695E-004      0.000000E+000      1.373996E-003      0.000000E+000      1.044490E-001      0.000000E+000      5.896293E-003      0.000000E+000      1.470594E-004
  9.50000E+001  2.16824E+001  2.16824E+001  1.77207E+001      2.562889E+001      9.317134E-004      4.025108E+001      3.156671E-009      1.774654E-011      4.611978E+000      2.035183E-003      4.826204E-001      4.226520E-005      1.717544E+000      7.154203E-005      2.755774E-004      1.133723E-005      1.129976E-001      2.005756E-004      2.081379E-001      1.455372E-002      4.317180E-002      4.880132E-003      9.616081E-003      3.943588E-004      6.407042E-003      5.967634E-002      0.000000E+000      0.000000E+000      2.776349E-002      0.000000E+000      6.008161E-003      0.000000E+000      5.498452E-003      0.000000E+000      3.001888E-004      0.000000E+000      1.456578E-003      0.000000E+000      1.107267E-001      0.000000E+000      6.250678E-003      0.000000E+000      1.558981E-004
  1.00000E+002  2.24385E+001  2.24385E+001  1.85398E+001      2.676514E+001      9.384863E-004      4.313059E+001      3.564555E-009      2.188578E-011      4.711870E+000      2.166873E-003      5.224079E-001      4.322656E-005      1.776391E+000      7.366448E-005      2.778149E-004      1.146369E-005      1.194602E-001      2.034919E-004      2.136440E-001      1.559363E-002      4.567335E-002      5.175369E-003      1.015382E-002      4.472849E-004      6.836828E-003      6.313306E-002      0.000000E+000      0.000000E+000      2.937150E-002      0.000000E+000      6.356143E-003      0.000000E+000      5.816914E-003      0.000000E+000      3.175752E-004      0.000000E+000      1.540940E-003      0.000000E+000      1.171398E-001      0.000000E+000      6.612706E-003      0.000000E+000      1.649275E-004
  1.10000E+002  2.37379E+001  2.37379E+001  1.96658E+001      2.913654E+001      9.368190E-004      4.903632E+001      4.202274E-009      2.712935E-011      4.882384E+000      2.437625E-003      6.070987E-001      4.460329E-005      1.886192E+000      7.887673E-005      2.775372E-004      1.155799E-005      1.327111E-001      2.099256E-004      2.224949E-001      1.774261E-002      5.080167E-002      5.754875E-003      1.124299E-002      5.660442E-004      7.716106E-003      7.021940E-002      0.000000E+000      0.000000E+000      3.266796E-002      0.000000E+000      7.069513E-003      0.000000E+000      6.469764E-003      0.000000E+000      3.532177E-004      0.000000E+000      1.713885E-003      0.000000E+000      1.302868E-001      0.000000E+000      7.354871E-003      0.000000E+000      1.834378E-004
  1.20000E+002  2.49109E+001  2.49109E+001  2.07324E+001      3.155444E+001      9.459835E-004      5.505069E+001      4.930769E-009      3.379897E-011      5.034962E+000      2.723666E-003      6.937085E-001      4.633202E-005      1.984113E+000      8.267239E-005      2.805628E-004      1.171715E-005      1.461489E-001      2.164567E-004      2.297621E-001      1.992880E-002      5.600438E-002      6.296319E-003      1.232427E-002      6.987921E-004      8.611535E-003      7.740857E-002      0.000000E+000      0.000000E+000      3.601224E-002      0.000000E+000      7.793234E-003      0.000000E+000      7.132087E-003      0.000000E+000      3.893773E-004      0.000000E+000      1.889339E-003      0.000000E+000      1.436245E-001      0.000000E+000      8.107804E-003      0.000000E+000      2.022167E-004
  1.30000E+002  2.62082E+001  2.62082E+001  2.19354E+001      3.405357E+001      9.319870E-004      6.085218E+001      5.563863E-009      3.896619E-011      5.195320E+000      3.021030E-003      7.808950E-001      4.725461E-005      2.081463E+000      8.785306E-005      2.763838E-004      1.181229E-005      1.594058E-001      2.230748E-004      2.373594E-001      2.208971E-002      6.113346E-002      6.859248E-003      1.338572E-002      8.449539E-004      9.494303E-003      8.449594E-002      0.000000E+000      0.000000E+000      3.930915E-002      0.000000E+000      8.506703E-003      0.000000E+000      7.785028E-003      0.000000E+000      4.250247E-004      0.000000E+000      2.062307E-003      0.000000E+000      1.567733E-001      0.000000E+000      8.850072E-003      0.000000E+000      2.207296E-004
  1.40000E+002  2.76188E+001  2.76188E+001  2.31589E+001      3.654380E+001      9.219581E-004      6.654774E+001      6.466617E-009      4.805307E-011      5.354471E+000      3.334885E-003      8.653680E-001      4.829523E-005      2.184066E+000      9.330249E-005      2.735236E-004      1.195321E-005      1.724915E-001      2.292154E-004      2.455882E-001      2.420053E-002      6.619597E-002      7.495960E-003      1.442975E-002      9.986371E-004      1.037260E-002      9.149084E-002      0.000000E+000      0.000000E+000      4.256304E-002      0.000000E+000      9.210861E-003      0.000000E+000      8.429448E-003      0.000000E+000      4.602069E-004      0.000000E+000      2.233018E-003      0.000000E+000      1.697505E-001      0.000000E+000      9.582653E-003      0.000000E+000      2.390009E-004
  1.50000E+002  2.88704E+001  2.88704E+001  2.44123E+001      3.915223E+001      9.288486E-004      7.231442E+001      7.575244E-009      6.038290E-011      5.491865E+000      3.577440E-003      9.511916E-001      5.008341E-005      2.276878E+000      9.761963E-005      2.762707E-004      1.211559E-005      1.858261E-001      2.359740E-004      2.529537E-001      2.634222E-002      7.135185E-002      8.102140E-003      1.547632E-002      1.163470E-003      1.126254E-002      9.861481E-002      0.000000E+000      0.000000E+000      4.587698E-002      0.000000E+000      9.928014E-003      0.000000E+000      9.085761E-003      0.000000E+000      4.960384E-004      0.000000E+000      2.406880E-003      0.000000E+000      1.829672E-001      0.000000E+000      1.032875E-002      0.000000E+000      2.576094E-004
  1.60000E+002  3.03886E+001  3.03886E+001  2.58095E+001      4.172210E+001      9.251262E-004      7.780428E+001      8.294584E-009      6.635454E-011      5.658623E+000      3.905105E-003      1.034338E+000      5.137148E-005      2.392039E+000      1.014516E-004      2.752941E-004      1.218934E-005      1.987610E-001      2.419550E-004      2.613116E-001      2.842520E-002      7.635114E-002      8.867809E-003      1.651414E-002      1.334021E-003      1.213462E-002      1.055216E-001      0.000000E+000      0.000000E+000      4.908985E-002      0.000000E+000      1.062330E-002      0.000000E+000      9.722058E-003      0.000000E+000      5.307771E-004      0.000000E+000      2.575440E-003      0.000000E+000      1.957808E-001      0.000000E+000      1.105210E-002      0.000000E+000      2.756504E-004
  1.70000E+002  3.18349E+001  3.18349E+001  2.70735E+001      4.435022E+001      9.351187E-004      8.331839E+001      9.454151E-009      7.913404E-011      5.814475E+000      4.125968E-003      1.117761E+000      5.326584E-005      2.507699E+000      1.055190E-004      2.788488E-004      1.236502E-005      2.118104E-001      2.480979E-004      2.688035E-001      3.051081E-002      8.139278E-002      9.666074E-003      1.755489E-002      1.512124E-003      1.301439E-002      1.124866E-001      0.000000E+000      0.000000E+000      5.232983E-002      0.000000E+000      1.132444E-002      0.000000E+000      1.036372E-002      0.000000E+000      5.658089E-004      0.000000E+000      2.745421E-003      0.000000E+000      2.087026E-001      0.000000E+000      1.178155E-002      0.000000E+000      2.938436E-004
  1.80000E+002  3.31098E+001  3.31098E+001  2.82702E+001      4.708924E+001      9.306581E-004      8.892286E+001      1.134681E-008      1.042566E-010      5.953150E+000      4.408526E-003      1.204330E+000      5.475401E-005      2.607582E+000      1.102510E-004      2.786825E-004      1.243069E-005      2.251238E-001      2.545446E-004      2.752867E-001      3.263468E-002      8.653491E-002      1.038598E-002      1.859108E-002      1.699658E-003      1.390674E-002      1.195908E-001      0.000000E+000      0.000000E+000      5.563454E-002      0.000000E+000      1.203960E-002      0.000000E+000      1.101821E-002      0.000000E+000      6.015407E-004      0.000000E+000      2.918799E-003      0.000000E+000      2.218825E-001      0.000000E+000      1.252557E-002      0.000000E+000      3.124003E-004
  1.90000E+002  3.44338E+001  3.44338E+001  2.93536E+001      4.981014E+001      9.201470E-004      9.448856E+001      1.177605E-008      1.038767E-010      6.092860E+000      4.733902E-003      1.291246E+000      5.584483E-005      2.713086E+000      1.143761E-004      2.751862E-004      1.249157E-005      2.383628E-001      2.605859E-004      2.827583E-001      3.476998E-002      9.164853E-002      1.117106E-002      1.963355E-002      1.895635E-003      1.479945E-002      1.266551E-001      0.000000E+000      0.000000E+000      5.892070E-002      0.000000E+000      1.275074E-002      0.000000E+000      1.166902E-002      0.000000E+000      6.370717E-004      0.000000E+000      3.091203E-003      0.000000E+000      2.349883E-001      0.000000E+000      1.326542E-002      0.000000E+000      3.308528E-004
  2.00000E+002  3.57891E+001  3.57891E+001  3.05939E+001      5.263923E+001      9.388362E-004      9.991125E+001      1.524353E-008      1.547357E-010      6.238970E+000      5.000056E-003      1.373785E+000      5.825554E-005      2.820472E+000      1.177660E-004      2.832785E-004      1.273568E-005      2.515707E-001      2.673521E-004      2.900550E-001      3.683423E-002      9.674319E-002      1.198531E-002      2.065985E-002      2.087723E-003      1.568419E-002      1.336932E-001      0.000000E+000      0.000000E+000      6.219467E-002      0.000000E+000      1.345925E-002      0.000000E+000      1.231742E-002      0.000000E+000      6.724712E-004      0.000000E+000      3.262968E-003      0.000000E+000      2.480457E-001      0.000000E+000      1.400252E-002      0.000000E+000      3.492369E-004
  2.10000E+002  3.73213E+001  3.73213E+001  3.20139E+001      5.552597E+001      9.590910E-004      1.050894E+002      2.158359E-008      2.532252E-010      6.394257E+000      5.246071E-003      1.452278E+000      6.095011E-005      2.933609E+000      1.224423E-004      2.941773E-004      1.320016E-005      2.645295E-001      2.744229E-004      2.973555E-001      3.880109E-002      1.017335E-001      1.291171E-002      2.166968E-002      2.276098E-003      1.654946E-002      1.405867E-001      0.000000E+000      0.000000E+000      6.540135E-002      0.000000E+000      1.415319E-002      0.000000E+000      1.295249E-002      0.000000E+000      7.071430E-004      0.000000E+000      3.431203E-003      0.000000E+000      2.608346E-001      0.000000E+000      1.472448E-002      0.000000E+000      3.672431E-004
  2.20000E+002  3.88642E+001  3.88642E+001  3.34404E+001      5.833027E+001      9.657639E-004      1.103459E+002      2.507217E-008      3.035026E-010      6.545628E+000      5.534763E-003      1.533367E+000      6.287486E-005      3.040746E+000      1.261015E-004      2.984302E-004      1.345816E-005      2.774534E-001      2.804829E-004      3.054276E-001      4.082321E-002      1.067180E-001      1.380095E-002      2.267520E-002      2.474265E-003      1.742493E-002      1.474719E-001      0.000000E+000      0.000000E+000      6.860419E-002      0.000000E+000      1.484630E-002      0.000000E+000      1.358680E-002      0.000000E+000      7.417732E-004      0.000000E+000      3.599235E-003      0.000000E+000      2.736082E-001      0.000000E+000      1.544556E-002      0.000000E+000      3.852277E-004
  2.30000E+002  4.02612E+001  4.02612E+001  3.46225E+001      6.114754E+001      9.706975E-004      1.157510E+002      2.765109E-008      3.378352E-010      6.681806E+000      5.818898E-003      1.617262E+000      6.470959E-005      3.144193E+000      1.295863E-004      7.444691E-004      1.364961E-005      2.905953E-001      2.863442E-004      3.125938E-001      4.290592E-002      1.117887E-001      1.467856E-002      2.369418E-002      2.681145E-003      1.831769E-002      1.544761E-001      0.000000E+000      0.000000E+000      7.186236E-002      0.000000E+000      1.555138E-002      0.000000E+000      1.423207E-002      0.000000E+000      7.770017E-004      0.000000E+000      3.770172E-003      0.000000E+000      2.866024E-001      0.000000E+000      1.617911E-002      0.000000E+000      4.035230E-004
  2.40000E+002  4.13802E+001  4.13802E+001  3.57828E+001      6.411690E+001      9.748529E-004      1.213438E+002      3.135123E-008      3.915896E-010      6.780379E+000      6.122036E-003      1.704942E+000      6.667544E-005      3.220605E+000      1.336174E-004      7.284021E-004      1.376367E-005      3.041612E-001      2.931281E-004      3.180674E-001      4.503364E-002      1.170222E-001      1.537458E-002      2.470499E-002      2.896216E-003      1.922688E-002      1.617062E-001      0.000000E+000      0.000000E+000      7.522563E-002      0.000000E+000      1.627921E-002      0.000000E+000      1.489815E-002      0.000000E+000      8.133666E-004      0.000000E+000      3.946622E-003      0.000000E+000      3.000159E-001      0.000000E+000      1.693632E-002      0.000000E+000      4.224086E-004
  2.50000E+002  4.24232E+001  4.24232E+001  3.67020E+001      6.708743E+001      9.909417E-004      1.270148E+002      3.410134E-008      4.281251E-010      6.874772E+000      6.375724E-003      1.792481E+000      6.904665E-005      3.296013E+000      1.363150E-004      1.106958E-003      1.386564E-005      3.178380E-001      2.994604E-004      3.245175E-001      4.719726E-002      1.223005E-001      1.606246E-002      2.572021E-002      3.116798E-003      2.014823E-002      1.689982E-001      0.000000E+000      0.000000E+000      7.861772E-002      0.000000E+000      1.701328E-002      0.000000E+000      1.556994E-002      0.000000E+000      8.500430E-004      0.000000E+000      4.124583E-003      0.000000E+000      3.135443E-001      0.000000E+000      1.770001E-002      0.000000E+000      4.414559E-004
  2.60000E+002  4.37254E+001  4.37254E+001  3.78387E+001      6.995209E+001      9.893603E-004      1.324955E+002      3.638933E-008      4.568222E-010      6.990560E+000      6.688621E-003      1.878798E+000      7.061312E-005      3.390239E+000      1.405815E-004      1.219678E-003      1.410930E-005      3.311238E-001      3.053394E-004      3.305347E-001      4.930088E-002      1.274273E-001      1.693362E-002      2.673520E-002      3.334942E-003      2.105547E-002      1.760795E-001      0.000000E+000      0.000000E+000      8.191176E-002      0.000000E+000      1.772613E-002      0.000000E+000      1.622231E-002      0.000000E+000      8.856594E-004      0.000000E+000      4.297401E-003      0.000000E+000      3.266816E-001      0.000000E+000      1.844163E-002      0.000000E+000      4.599527E-004
  2.70000E+002  4.48740E+001  4.48740E+001  3.87934E+001      7.290432E+001      9.953897E-004      1.380509E+002      3.899033E-008      4.900101E-010      7.102734E+000      6.989940E-003      1.966121E+000      7.253197E-005      3.477727E+000      1.444189E-004      1.307163E-003      1.430157E-005      3.446421E-001      3.115032E-004      3.364424E-001      5.143199E-002      1.326441E-001      1.772477E-002      2.775061E-002      3.557183E-003      2.197395E-002      1.832856E-001      0.000000E+000      0.000000E+000      8.526384E-002      0.000000E+000      1.845153E-002      0.000000E+000      1.688618E-002      0.000000E+000      9.219033E-004      0.000000E+000      4.473264E-003      0.000000E+000      3.400504E-001      0.000000E+000      1.919632E-002      0.000000E+000      4.787754E-004
  2.80000E+002  4.63642E+001  4.63642E+001  4.02302E+001      7.575170E+001      1.007317E-003      1.433432E+002      4.277730E-008      5.448704E-010      7.231630E+000      7.240752E-003      2.047658E+000      7.471444E-005      3.580680E+000      1.478924E-004      1.361708E-003      1.462663E-005      3.576498E-001      3.168733E-004      3.440855E-001      5.346840E-002      1.376605E-001      1.871180E-002      2.875241E-002      3.772197E-003      2.286912E-002      1.902136E-001      0.000000E+000      0.000000E+000      8.848653E-002      0.000000E+000      1.914894E-002      0.000000E+000      1.752442E-002      0.000000E+000      9.567482E-004      0.000000E+000      4.642338E-003      0.000000E+000      3.529032E-001      0.000000E+000      1.992188E-002      0.000000E+000      4.968715E-004
  2.90000E+002  4.77992E+001  4.77992E+001  4.16112E+001      7.858036E+001      1.025241E-003      1.487170E+002      4.502353E-008      5.727548E-010      7.353947E+000      7.533082E-003      2.131008E+000      7.696437E-005      3.681587E+000      1.502978E-004      1.373334E-003      1.500463E-005      3.707371E-001      3.223558E-004      3.505985E-001      5.553882E-002      1.427098E-001      1.970685E-002      2.976383E-002      3.993317E-003      2.377441E-002      1.971869E-001      0.000000E+000      0.000000E+000      9.173026E-002      0.000000E+000      1.985090E-002      0.000000E+000      1.816683E-002      0.000000E+000      9.918206E-004      0.000000E+000      4.812517E-003      0.000000E+000      3.658399E-001      0.000000E+000      2.065217E-002      0.000000E+000      5.150857E-004
  3.00000E+002  4.92797E+001  4.92797E+001  4.30131E+001      8.145074E+001      1.031389E-003      1.539957E+002      4.833386E-008      6.179057E-010      7.481822E+000      7.817414E-003      2.213830E+000      7.876915E-005      3.785423E+000      1.546304E-004      1.076213E-003      1.489248E-005      3.837643E-001      3.278156E-004      3.576297E-001      5.757469E-002      1.477322E-001      2.074120E-002      3.077162E-002      4.211291E-003      2.467356E-002      2.041227E-001      0.000000E+000      0.000000E+000      9.495660E-002      0.000000E+000      2.054910E-002      0.000000E+000      1.880579E-002      0.000000E+000      1.026705E-003      0.000000E+000      4.981782E-003      0.000000E+000      3.787072E-001      0.000000E+000      2.137855E-002      0.000000E+000      5.332023E-004
  3.50000E+002  5.51001E+001  5.51001E+001  4.82788E+001      9.679437E+001      1.072246E-003      1.812287E+002      6.361827E-008      8.222030E-010      7.982145E+000      9.311253E-003      2.650676E+000      8.873744E-005      4.170710E+000      1.731288E-004      9.075904E-004      1.620086E-005      4.513016E-001      3.581680E-004      3.848490E-001      6.811477E-002      1.737697E-001      2.477501E-002      3.578293E-002      5.403446E-003      2.926748E-002      2.400865E-001      0.000000E+000      0.000000E+000      1.116860E-001      0.000000E+000      2.416943E-002      0.000000E+000      2.211899E-002      0.000000E+000      1.207590E-003      0.000000E+000      5.859472E-003      0.000000E+000      4.454278E-001      0.000000E+000      2.514502E-002      0.000000E+000      6.271418E-004
  4.00000E+002  5.65530E+001  5.65530E+001  4.94682E+001      1.157540E+002      1.120174E-003      2.097914E+002      7.670756E-008      9.981807E-010      8.114558E+000      1.097344E-002      3.152391E+000      9.951804E-005      4.278833E+000      1.892787E-004      8.282846E-004      1.688663E-005      5.256622E-001      4.004430E-004      3.926846E-001      7.945000E-002      2.023562E-001      2.607020E-002      4.084461E-002      6.879118E-003      3.400172E-002      2.795908E-001      0.000000E+000      0.000000E+000      1.300633E-001      0.000000E+000      2.814637E-002      0.000000E+000      2.575855E-002      0.000000E+000      1.406292E-003      0.000000E+000      6.823615E-003      0.000000E+000      5.187204E-001      0.000000E+000      2.928249E-002      0.000000E+000      7.303344E-004
  4.50000E+002  5.66574E+001  5.66574E+001  4.97481E+001      1.376060E+002      1.190013E-003      2.369934E+002      8.697894E-008      1.133929E-009      8.124996E+000      1.268716E-002      3.677483E+000      1.106507E-004      4.302287E+000      2.005403E-004      8.894890E-004      1.742045E-005      6.023938E-001      4.502048E-004      3.941125E-001      9.076894E-002      2.317199E-001      2.654597E-002      4.591948E-002      8.594473E-003      3.861479E-002      3.201769E-001      0.000000E+000      0.000000E+000      1.489447E-001      0.000000E+000      3.223239E-002      0.000000E+000      2.949792E-002      0.000000E+000      1.610443E-003      0.000000E+000      7.814201E-003      0.000000E+000      5.940232E-001      0.000000E+000      3.353344E-002      0.000000E+000      8.363572E-004
  5.00000E+002  5.66369E+001  5.66369E+001  4.96923E+001      1.619416E+002      1.259961E-003      2.618389E+002      1.013304E-007      1.338685E-009      8.142976E+000      1.440831E-002      4.204055E+000      1.224464E-004      4.317569E+000      2.113181E-004      6.254351E-004      1.806393E-005      6.796692E-001      5.056635E-004      3.925419E-001      1.016470E-001      2.611420E-001      2.691289E-002      5.092696E-002      1.044727E-002      4.301141E-002      3.608490E-001      0.000000E+000      0.000000E+000      1.678667E-001      0.000000E+000      3.632721E-002      0.000000E+000      3.324535E-002      0.000000E+000      1.815035E-003      0.000000E+000      8.806921E-003      0.000000E+000      6.694881E-001      0.000000E+000      3.779354E-002      0.000000E+000      9.426085E-004
  5.50000E+002  5.65836E+001  5.65836E+001  4.95223E+001      1.884634E+002      1.358938E-003      2.845700E+002      1.218365E-007      1.660502E-009      8.143753E+000      1.611387E-002      4.721176E+000      1.356732E-004      4.316346E+000      2.237030E-004      1.040800E-003      1.922728E-005      7.573620E-001      5.662913E-004      3.944776E-001      1.120345E-001      2.905712E-001      2.743022E-002      5.585066E-002      1.236170E-002      4.720709E-002      4.015340E-001      0.000000E+000      0.000000E+000      1.867952E-001      0.000000E+000      4.042345E-002      0.000000E+000      3.699408E-002      0.000000E+000      2.019697E-003      0.000000E+000      9.799986E-003      0.000000E+000      7.449793E-001      0.000000E+000      4.205512E-002      0.000000E+000      1.048897E-003
  6.00000E+002  5.65945E+001  5.65945E+001  4.95449E+001      2.170015E+002      1.462142E-003      3.052006E+002      1.455726E-007      2.024396E-009      8.141545E+000      1.779822E-002      5.230432E+000      1.489775E-004      4.348473E+000      2.454516E-004      8.106033E-004      2.040219E-005      8.353151E-001      6.294724E-004      3.950137E-001      1.218689E-001      3.199519E-001      2.843261E-002      6.072134E-002      1.424237E-002      5.120379E-002      4.421538E-001      0.000000E+000      0.000000E+000      2.056940E-001      0.000000E+000      4.451324E-002      0.000000E+000      4.073691E-002      0.000000E+000      2.224038E-003      0.000000E+000      1.079149E-002      0.000000E+000      8.203516E-001      0.000000E+000      4.630999E-002      0.000000E+000      1.155017E-003
