# Initial composition Z = 0.03
# 0.00000E+000  0.00000E+000  0.00000E+000  0.00000E+000  0.00000E+000  0.00000E+000          SN      6.679800E-001      2.732900E-005      3.019700E-001      1.088100E-008      3.254100E-010      5.394500E-003      6.536900E-005      1.455300E-003      3.579000E-006      1.319900E-002      5.327800E-006      2.976900E-005      9.915400E-007      2.802500E-003      7.053900E-006      2.266700E-004      7.065300E-005      1.035800E-003      1.366000E-004      1.564100E-004      0.000000E+000      1.144900E-004      1.432400E-003      6.708500E-005      1.284400E-005      6.665300E-004      1.611800E-005      1.442400E-004      7.242500E-006      1.320000E-004      9.562700E-008      7.206700E-006      7.322600E-007      3.496900E-005      1.939000E-005      2.658300E-003      7.047800E-006      1.500600E-004      1.481800E-006      3.742700E-006
# total ejecta
           Min          Mfin          M_HE          M_CO          Mrem          Mbar         SNT                  H                HE3                HE4                LI7                BE7                C12                C13                N14                N15                O16                O17                O18                F19               NE20               NE21               NE22               NA23               MG24               MG25               MG26               AL26               AL27               SI28               SI29                  P                  S                 CL                 AR                  K                 CA                 SC                 TI                  V                 CR                 MN                 FE                 CO                 NI                 CU                 ZN
  1.40000E+001  1.25589E+001  4.67028E+000  2.74197E+000  1.49335E+000  1.66060E+000        CCSN      6.037953E+000      2.918359E-004      4.739043E+000      1.587131E-009      2.716555E-013      2.274378E-001      2.420971E-003      6.634197E-002      1.383720E-005      6.755496E-001      8.073277E-005      3.785036E-003      8.207260E-006      1.301798E-001      2.047233E-004      1.407057E-002      3.805455E-003      5.502706E-002      5.252803E-003      7.165245E-003      2.214386E-006      5.098865E-003      1.413411E-001      3.448547E-003      0.000000E+000      6.809406E-002      2.142272E-004      1.198758E-002      8.146854E-005      8.845166E-003      2.784910E-006      2.300769E-004      2.962870E-005      2.453455E-003      1.204127E-003      1.149706E-001      2.666510E-004      6.405638E-003      6.414680E-005      8.109093E-005
  1.60000E+001  1.39752E+001  5.59039E+000  3.50059E+000  1.48661E+000  1.65236E+000        CCSN      6.680043E+000      3.150162E-004      5.301250E+000      1.983598E-009      2.450812E-012      2.804130E-001      2.162111E-003      7.630457E-002      1.765742E-005      1.073715E+000      9.026417E-005      4.940890E-003      9.965850E-006      3.623509E-001      3.883508E-004      2.359756E-002      9.331883E-003      1.018377E-001      1.248589E-002      1.387128E-002      3.157998E-006      1.305936E-002      1.540125E-001      4.424693E-003      0.000000E+000      7.080002E-002      2.526182E-004      1.233523E-002      9.753039E-005      9.066425E-003      4.672382E-006      2.347740E-004      3.029210E-005      2.379721E-003      1.180753E-003      1.195864E-001      4.243112E-004      7.137187E-003      1.318956E-004      1.187780E-004
  1.80000E+001  1.51613E+001  6.50796E+000  4.28668E+000  1.49874E+000  1.66721E+000        CCSN      7.006280E+000      3.455216E-004      6.137522E+000      2.179450E-009      1.893182E-011      3.506120E-001      2.287059E-003      8.382628E-002      2.229879E-005      1.503789E+000      8.859490E-005      5.169961E-003      1.155768E-005      5.639899E-001      5.643735E-004      2.942049E-002      1.486609E-002      1.379969E-001      1.880446E-002      2.050604E-002      3.585215E-006      2.063204E-002      1.738330E-001      5.298937E-003      0.000000E+000      7.957310E-002      3.220118E-004      1.406074E-002      1.372304E-004      1.014671E-002      7.214352E-006      2.564920E-004      3.251847E-005      2.449573E-003      1.224950E-003      1.228892E-001      5.898276E-004      9.081090E-003      2.227271E-004      1.952451E-004
  2.00000E+001  1.62453E+001  7.34563E+000  5.03096E+000  1.56524E+000  1.74899E+000        CCSN      7.768122E+000      4.144538E-004      6.530731E+000      2.539844E-009      1.271660E-010      4.683919E-001      1.451746E-003      9.488807E-002      2.655724E-005      1.964779E+000      1.066635E-004      3.799188E-003      1.350636E-005      6.432003E-001      7.398349E-004      3.308432E-002      1.981354E-002      1.367961E-001      2.143204E-002      2.591087E-002      7.460215E-006      2.588197E-002      2.087913E-001      5.732947E-003      0.000000E+000      1.025034E-001      4.772912E-004      1.886223E-002      2.480141E-004      1.277449E-002      1.135353E-005      3.249589E-004      3.435030E-005      2.423394E-003      1.191444E-003      1.320078E-001      7.785931E-004      8.887170E-003      3.514512E-004      2.508392E-004
  2.20000E+001  1.70900E+001  8.19455E+000  5.82964E+000  1.63570E+000  1.83637E+000        CCSN      8.260346E+000      4.240583E-004      7.109010E+000      2.847996E-009      2.759251E-010      6.190529E-001      2.068529E-003      8.916079E-002      2.416955E-005      2.462697E+000      1.121953E-004      3.607722E-003      1.954456E-005      7.282400E-001      9.065723E-004      5.060611E-002      2.501267E-002      1.354997E-001      2.426891E-002      3.168204E-002      8.774322E-006      3.151448E-002      2.534101E-001      6.199719E-003      0.000000E+000      1.328455E-001      6.389084E-004      2.570401E-002      3.521052E-004      1.741952E-002      1.582635E-005      3.583799E-004      4.533426E-005      3.361084E-003      1.728865E-003      1.343222E-001      8.485563E-004      6.936273E-003      4.904644E-004      3.072478E-004
  2.40000E+001  1.76940E+001  9.09477E+000  6.63320E+000  1.61219E+000  1.80712E+000        CCSN      9.081477E+000      5.229982E-004      7.493929E+000      3.281591E-009      5.038291E-010      6.139932E-001      2.150527E-003      9.160133E-002      2.918484E-005      3.044264E+000      1.090828E-004      2.499610E-003      1.980759E-005      9.602273E-001      9.684080E-004      4.528120E-002      3.111589E-002      1.724734E-001      2.773932E-002      4.025672E-002      9.283314E-006      4.226206E-002      2.327570E-001      7.077983E-003      0.000000E+000      1.151319E-001      6.151089E-004      2.159882E-002      2.820681E-004      1.520743E-002      1.694964E-005      3.712702E-004      4.041537E-005      3.206103E-003      1.524676E-003      1.344256E-001      9.607275E-004      8.002904E-003      5.753091E-004      4.362781E-004
  2.60000E+001  1.70139E+001  1.01272E+001  7.54702E+000  1.65139E+001  1.70139E+001         FSN      5.404130E+000      3.297301E-004      3.312566E+000      3.470940E-009      4.337823E-010      3.321814E-002      1.212083E-003      5.241755E-002      1.812002E-005      9.342090E-002      4.832891E-005      1.852991E-004      6.728138E-006      2.513391E-002      1.110415E-004      1.541071E-003      1.172717E-003      9.312628E-003      1.035062E-003      1.595586E-003      4.684359E-006      1.036004E-003      1.287806E-002      0.000000E+000      0.000000E+000      5.992236E-003      0.000000E+000      1.296769E-003      0.000000E+000      1.186736E-003      0.000000E+000      6.479101E-005      0.000000E+000      3.143778E-004      0.000000E+000      2.389840E-002      0.000000E+000      1.349095E-003      0.000000E+000      3.364795E-005
  2.80000E+001  1.20694E+001  1.18176E+001  8.95879E+000  1.15694E+001  1.20694E+001         FSN      9.277223E+000      4.603037E-004      6.176769E+000      3.498592E-009      2.905577E-010      4.922662E-002      3.108952E-003      1.210041E-001      2.366860E-005      1.453526E-001      7.881058E-005      2.860043E-004      1.003565E-005      4.452741E-002      2.276203E-004      2.303229E-003      2.535926E-003      1.651168E-002      1.696084E-003      2.967446E-003      1.082758E-005      1.840745E-003      2.283375E-002      0.000000E+000      0.000000E+000      1.062466E-002      0.000000E+000      2.299231E-003      0.000000E+000      2.104173E-003      0.000000E+000      1.148776E-004      0.000000E+000      5.574098E-004      0.000000E+000      4.237341E-002      0.000000E+000      2.392038E-003      0.000000E+000      5.965981E-005
  3.00000E+001  7.99594E+000  7.99594E+000  6.39611E+000  7.49594E+000  7.99594E+000         FSN      1.016649E+001      5.529172E-004      9.523326E+000      3.715707E-009      4.500452E-009      1.115787E+000      3.396456E-003      1.687684E-001      2.956406E-005      7.461735E-001      8.543509E-005      3.363258E-004      1.239759E-005      6.125192E-002      2.322014E-004      6.263924E-002      4.387977E-003      2.282948E-002      2.806262E-003      4.730080E-003      5.331144E-005      2.642221E-003      3.156738E-002      0.000000E+000      0.000000E+000      1.468824E-002      0.000000E+000      3.178610E-003      0.000000E+000      2.908949E-003      0.000000E+000      1.588145E-004      0.000000E+000      7.706005E-004      0.000000E+000      5.857983E-002      0.000000E+000      3.306913E-003      0.000000E+000      8.247770E-005
  3.50000E+001  4.79497E+000  4.79497E+000  3.80262E+000  1.48392E+000  1.64907E+000        CCSN      1.140982E+001      6.282439E-004      1.541917E+001      4.391227E-009      4.000519E-011      2.985460E+000      2.834695E-003      2.267349E-001      3.538480E-005      1.856731E+000      9.705059E-005      2.717434E-003      1.561513E-005      5.062827E-001      6.110747E-004      2.171934E-001      1.718372E-002      1.399704E-001      1.649672E-002      2.113162E-002      1.304666E-004      1.864079E-002      1.860525E-001      4.770989E-003      0.000000E+000      8.431074E-002      2.615334E-004      1.516682E-002      9.833585E-005      1.164183E-002      5.356253E-006      3.724818E-004      3.005139E-005      3.006126E-003      1.150993E-003      1.714900E-001      4.799706E-004      1.025899E-002      1.578743E-004      2.035454E-004
  4.00000E+001  5.59219E+000  5.59219E+000  4.48072E+000  1.51613E+000  1.68853E+000        CCSN      1.259973E+001      6.808493E-004      1.806882E+001      5.090374E-009      5.265734E-011      3.339206E+000      2.381040E-003      2.748306E-001      4.138609E-005      2.295349E+000      1.065779E-004      4.378094E-003      1.742510E-005      6.448554E-001      7.676981E-004      2.514610E-001      2.308911E-002      1.605729E-001      2.067234E-002      2.670083E-002      1.736330E-004      2.485899E-002      2.156055E-001      5.364215E-003      0.000000E+000      1.009274E-001      3.541013E-004      1.870068E-002      1.613272E-004      1.401165E-002      8.120403E-006      4.496169E-004      3.364431E-005      3.371331E-003      1.269853E-003      1.831624E-001      6.155373E-004      1.084599E-002      2.496049E-004      2.726528E-004
  5.00000E+001  7.21587E+000  7.21587E+000  5.87554E+000  1.63436E+000  1.83470E+000        CCSN      1.513830E+001      7.684736E-004      2.305220E+001      6.502332E-009      2.734469E-011      4.035446E+000      2.071356E-003      3.805574E-001      5.047560E-005      3.378635E+000      1.329350E-004      2.075590E-003      2.106102E-005      8.193831E-001      1.101985E-003      3.106360E-001      3.489958E-002      1.670995E-001      2.634024E-002      3.911324E-002      2.830474E-004      3.586726E-002      2.930036E-001      6.209238E-003      0.000000E+000      1.506690E-001      6.292722E-004      2.953687E-002      3.415994E-004      2.102778E-002      1.578787E-005      5.636803E-004      4.446425E-005      4.330336E-003      1.688093E-003      2.102137E-001      8.445304E-004      1.130391E-002      4.931326E-004      4.200188E-004
  6.00000E+001  6.84258E+000  6.84258E+000  5.53899E+000  1.61032E+000  1.80481E+000        CCSN      1.783021E+001      8.246889E-004      3.026654E+001      7.991357E-009      3.183154E-011      4.101653E+000      2.615333E-003      5.406250E-001      5.989193E-005      3.222710E+000      1.491241E-004      2.304842E-003      2.083028E-005      8.047854E-001      1.092358E-003      3.326547E-001      3.627168E-002      1.766561E-001      2.550380E-002      3.916607E-002      4.408649E-004      3.464333E-002      2.894167E-001      5.989636E-003      0.000000E+000      1.455005E-001      5.740616E-004      2.841816E-002      3.090337E-004      2.063342E-002      1.412739E-005      6.309097E-004      3.917991E-005      4.334897E-003      1.461738E-003      2.442763E-001      8.317211E-004      1.417146E-002      4.392826E-004      4.361304E-004
  7.00000E+001  6.63573E+000  6.63573E+000  5.37358E+000  1.59567E+000  1.78663E+000        CCSN      2.042477E+001      8.551490E-004      3.765329E+001      9.471464E-009      4.496166E-011      4.008233E+000      3.155572E-003      7.237174E-001      6.669236E-005      3.111023E+000      1.624159E-004      2.495967E-003      2.060969E-005      8.158959E-001      1.099630E-003      3.251976E-001      3.890188E-002      1.877876E-001      2.517366E-002      4.031894E-002      6.414515E-004      3.489393E-002      2.950424E-001      5.891861E-003      0.000000E+000      1.460010E-001      5.401419E-004      2.844454E-002      2.877444E-004      2.094939E-002      1.319921E-005      7.010649E-004      3.675889E-005      4.495533E-003      1.340080E-003      2.716491E-001      8.231600E-004      1.619699E-002      4.101154E-004      4.643462E-004
  8.00000E+001  6.44436E+000  6.44436E+000  5.21789E+000  1.58185E+000  1.76952E+000        CCSN      2.312378E+001      8.542250E-004      4.491212E+001      1.101973E-008      6.075938E-011      3.925247E+000      3.796115E-003      9.094053E-001      7.032143E-005      3.006485E+000      1.790785E-004      2.659707E-003      2.036556E-005      8.279682E-001      1.108013E-003      3.192196E-001      4.163050E-002      1.988706E-001      2.488091E-002      4.151137E-002      8.706737E-004      3.521746E-002      3.027928E-001      5.800574E-003      0.000000E+000      1.477409E-001      5.088032E-004      2.873087E-002      2.681896E-004      2.146496E-002      1.232857E-005      7.694393E-004      3.500249E-005      4.688267E-003      1.245786E-003      2.970698E-001      8.018903E-004      1.797320E-002      3.833853E-004      4.917603E-004
  8.50000E+001  6.36700E+000  6.36700E+000  5.15429E+000  1.57621E+000  1.76254E+000        CCSN      2.450663E+001      8.747714E-004      4.845775E+001      6.195179E-009      3.676052E-011      3.912131E+000      4.015310E-003      9.975037E-001      7.309884E-005      2.972946E+000      1.846682E-004      2.837519E-003      2.036207E-005      8.354447E-001      1.113187E-003      3.193519E-001      4.306189E-002      2.043522E-001      2.480148E-002      4.218911E-002      1.002462E-003      3.547989E-002      3.076958E-001      5.763774E-003      0.000000E+000      1.493074E-001      4.959714E-004      2.903799E-002      2.595852E-004      2.184393E-002      1.197480E-005      8.034192E-004      3.450902E-005      4.804037E-003      1.214160E-003      3.093616E-001      7.908920E-004      1.877015E-002      3.721563E-004      5.062480E-004
  9.00000E+001  6.10845E+000  6.10845E+000  4.92860E+000  1.55613E+000  1.73774E+000        CCSN      2.602249E+001      8.773164E-004      5.217388E+001      6.816733E-009      4.451483E-011      3.779887E+000      4.308114E-003      1.095975E+000      7.524811E-005      2.808692E+000      1.917059E-004      3.345102E-003      2.034730E-005      8.268459E-001      1.090194E-003      3.112433E-001      4.353298E-002      2.105658E-001      2.411182E-002      4.174759E-002      1.144969E-003      3.463779E-002      3.069098E-001      5.631536E-003      0.000000E+000      1.472560E-001      4.498389E-004      2.854943E-002      2.278146E-004      2.187633E-002      1.071401E-005      8.323439E-004      3.366127E-005      4.864020E-003      1.154495E-003      3.178598E-001      7.470508E-004      1.939660E-002      3.322817E-004      5.070047E-004
  9.50000E+001  6.10962E+000  6.10962E+000  4.92652E+000  1.55594E+000  1.73751E+000        CCSN      2.751230E+001      8.772329E-004      5.554828E+001      7.352503E-009      4.911342E-011      3.773161E+000      4.608401E-003      1.185673E+000      7.673922E-005      2.812449E+000      1.996029E-004      3.442214E-003      2.037673E-005      8.403790E-001      1.109365E-003      3.110989E-001      4.533891E-002      2.157671E-001      2.425185E-002      4.282696E-002      1.286285E-003      3.530516E-002      3.140124E-001      5.630482E-003      0.000000E+000      1.505467E-001      4.494465E-004      2.926297E-002      2.275423E-004      2.253376E-002      1.070281E-005      8.684450E-004      3.366374E-005      5.039530E-003      1.154555E-003      3.311378E-001      7.465828E-004      2.014536E-002      3.319233E-004      5.255841E-004
  1.00000E+002  6.00177E+000  6.00177E+000  4.82384E+000  1.54679E+000  1.72623E+000        CCSN      2.912296E+001      8.744160E-004      5.897387E+001      9.977684E-009      1.156036E-010      3.702435E+000      4.969969E-003      1.276744E+000      7.855254E-005      2.739125E+000      2.091777E-004      3.715830E-003      2.087029E-005      8.439562E-001      1.109532E-003      3.079774E-001      4.647487E-002      2.213867E-001      2.402418E-002      4.315307E-002      1.434471E-003      3.528784E-002      3.175058E-001      5.570221E-003      0.000000E+000      1.514440E-001      4.282278E-004      2.952197E-002      2.127960E-004      2.301863E-002      1.013151E-005      9.038211E-004      3.382298E-005      5.251713E-003      1.165714E-003      3.423964E-001      7.205094E-004      2.068574E-002      3.138420E-004      5.351650E-004
  1.10000E+002  5.78738E+000  5.78738E+000  4.67351E+000  1.53337E+000  1.70971E+000        CCSN      3.235328E+001      8.682067E-004      6.576006E+001      1.267594E-008      1.732312E-010      3.589999E+000      5.553157E-003      1.461663E+000      8.192219E-005      2.599213E+000      2.261854E-004      4.222662E-003      2.138495E-005      8.565281E-001      1.115101E-003      3.023648E-001      4.915873E-002      2.324657E-001      2.367935E-002      4.397498E-002      1.759968E-003      3.563629E-002      3.254404E-001      5.477312E-003      0.000000E+000      1.538530E-001      3.952056E-004      3.010758E-002      1.901637E-004      2.399914E-002      9.253308E-006      9.726921E-004      3.420402E-005      5.762422E-003      1.235914E-003      3.685182E-001      6.713463E-004      2.172438E-002      2.857074E-004      5.573846E-004
  1.20000E+002  5.69974E+000  5.69974E+000  4.60025E+000  1.52682E+000  1.70166E+000        CCSN      3.568635E+001      8.767740E-004      7.226846E+001      1.696535E-008      2.759278E-010      3.550837E+000      6.040458E-003      1.640045E+000      8.626152E-005      2.547348E+000      2.412342E-004      4.470000E-003      2.172478E-005      8.767585E-001      1.136713E-003      3.011925E-001      5.226773E-002      2.431580E-001      2.368015E-002      4.541958E-002      2.104444E-003      3.649611E-002      3.362775E-001      5.433242E-003      0.000000E+000      1.582815E-001      3.792460E-004      3.111130E-002      1.790522E-004      2.511421E-002      8.807125E-006      1.042040E-003      3.444506E-005      6.213762E-003      1.289412E-003      3.954549E-001      6.466334E-004      2.293122E-002      2.714886E-004      5.865917E-004
  1.30000E+002  5.68027E+000  5.68027E+000  4.56847E+000  1.52398E+000  1.69817E+000        CCSN      3.906377E+001      8.637050E-004      7.863174E+001      2.067177E-008      3.622432E-010      3.547716E+000      6.636401E-003      1.820643E+000      8.908981E-005      2.540959E+000      2.580276E-004      4.539141E-003      2.187922E-005      9.011189E-001      1.167060E-003      3.009836E-001      5.565756E-002      2.536795E-001      2.387992E-002      4.728115E-002      2.471014E-003      3.763920E-002      3.491073E-001      5.415118E-003      0.000000E+000      1.639589E-001      3.726327E-004      3.235153E-002      1.743994E-004      2.632376E-002      8.627325E-006      1.111653E-003      3.439461E-005      6.580667E-003      1.297972E-003      4.222185E-001      6.378484E-004      2.436517E-002      2.656949E-004      6.204735E-004
  1.40000E+002  5.81518E+000  5.81518E+000  4.66874E+000  1.53294E+000  1.70919E+000        CCSN      4.239407E+001      8.797499E-004      8.481750E+001      2.439463E-008      4.478394E-010      3.612341E+000      7.084183E-003      1.992822E+000      9.345114E-005      2.652830E+000      2.730276E-004      4.215306E-003      2.201538E-005      9.386245E-001      1.222469E-003      3.042536E-001      5.980535E-002      2.636217E-001      2.465192E-002      5.027296E-002      2.844682E-003      3.968068E-002      3.682584E-001      5.476652E-003      0.000000E+000      1.737356E-001      3.947369E-004      3.441705E-002      1.897147E-004      2.795136E-002      9.239996E-006      1.189129E-003      3.422312E-005      6.818856E-003      1.239503E-003      4.484418E-001      6.710942E-004      2.621863E-002      2.852450E-004      6.695379E-004
  1.50000E+002  5.84570E+000  5.84570E+000  4.72193E+000  1.53769E+000  1.71503E+000        CCSN      4.583220E+001      8.923896E-004      9.101160E+001      2.837292E-008      5.413032E-010      3.631881E+000      7.565911E-003      2.168655E+000      9.770051E-005      2.708021E+000      2.875955E-004      4.040469E-003      2.214156E-005      9.714359E-001      1.266167E-003      3.043899E-001      6.366897E-002      2.737771E-001      2.517446E-002      5.272619E-002      3.237076E-003      4.140356E-002      3.850062E-001      5.506846E-003      0.000000E+000      1.820266E-001      4.056572E-004      3.617947E-002      1.974250E-004      2.941824E-002      9.540961E-006      1.263207E-003      3.408574E-005      7.107929E-003      1.206409E-003      4.750375E-001      6.873977E-004      2.791334E-002      2.949361E-004      7.125808E-004
  1.60000E+002  5.91872E+000  5.91872E+000  4.73992E+000  1.53930E+000  1.71701E+000        CCSN      4.925908E+001      8.996329E-004      9.721285E+001      3.263445E-008      6.443490E-010      3.672257E+000      8.099809E-003      2.343418E+000      1.017550E-004      2.758525E+000      3.021407E-004      3.943876E-003      2.225940E-005      1.000737E+000      1.301611E-003      3.069365E-001      6.731415E-002      2.840510E-001      2.560864E-002      5.499822E-002      3.639318E-003      4.289366E-002      3.999326E-001      5.520817E-003      0.000000E+000      1.891694E-001      4.104369E-004      3.770427E-002      2.005410E-004      3.076562E-002      9.657934E-006      1.335507E-003      3.403758E-005      7.436529E-003      1.197998E-003      5.017715E-001      6.953476E-004      2.947310E-002      2.986495E-004      7.520359E-004
  1.70000E+002  5.76533E+000  5.76533E+000  4.65600E+000  1.53181E+000  1.70779E+000        CCSN      5.288867E+001      9.173723E-004      1.034886E+002      3.663294E-008      7.345336E-010      3.597993E+000      8.609081E-003      2.524993E+000      1.065964E-004      2.673869E+000      3.130061E-004      4.259835E-003      2.257003E-005      1.019892E+000      1.315767E-003      3.036394E-001      7.037249E-002      2.948563E-001      2.552073E-002      5.620386E-002      4.067506E-003      4.368601E-002      4.107411E-001      5.466581E-003      0.000000E+000      1.933903E-001      3.913202E-004      3.867178E-002      1.874868E-004      3.188434E-002      9.145622E-006      1.405385E-003      3.424389E-005      7.886515E-003      1.247590E-003      5.285228E-001      6.654353E-004      3.068180E-002      2.822978E-004      7.804644E-004
  1.80000E+002  6.29000E+000  6.29000E+000  5.08086E+000  1.56968E+000  1.75447E+000        CCSN      5.624717E+001      9.519111E-004      1.091582E+002      4.543110E-008      9.506660E-010      3.811702E+000      9.102068E-003      2.682817E+000      1.119409E-004      3.035777E+000      3.288236E-004      3.134385E-003      2.288615E-005      1.089506E+000      1.419111E-003      3.101812E-001      7.634994E-002      3.033363E-001      2.752067E-002      6.142989E-002      4.517959E-003      4.793943E-002      4.413021E-001      5.720763E-003      0.000000E+000      2.108910E-001      4.811416E-004      4.233012E-002      2.494760E-004      3.415007E-002      1.156515E-005      1.486966E-003      3.404895E-005      8.075255E-003      1.184873E-003      5.609641E-001      7.786001E-004      3.306677E-002      3.591187E-004      8.571249E-004
  1.90000E+002  5.77419E+000  5.77419E+000  4.66392E+000  1.53251E+000  1.70866E+000        CCSN      5.984427E+001      9.480069E-004      1.159321E+002      4.552622E-008      9.504797E-010      3.607363E+000      9.622513E-003      2.880457E+000      1.157419E-004      2.707803E+000      3.354003E-004      4.327888E-003      2.280190E-005      1.075679E+000      1.373346E-003      3.041817E-001      7.755941E-002      3.155893E-001      2.615092E-002      6.031619E-002      4.943673E-003      4.649234E-002      4.398437E-001      5.471359E-003      0.000000E+000      2.069989E-001      3.930422E-004      4.161308E-002      1.886874E-004      3.455450E-002      9.193571E-006      1.550174E-003      3.422467E-005      8.577767E-003      1.242157E-003      5.817535E-001      6.680645E-004      3.372071E-002      2.838211E-004      8.563838E-004
  2.00000E+002  6.28892E+000  6.28892E+000  5.06955E+000  1.56867E+000  1.75323E+000        CCSN      6.331287E+001      9.758092E-004      1.215125E+002      5.585237E-008      1.188092E-009      3.818878E+000      1.018168E-002      3.038300E+000      1.207208E-004      3.057162E+000      3.524909E-004      3.102990E-003      2.320812E-005      1.143390E+000      1.473264E-003      3.111421E-001      8.337991E-002      3.241486E-001      2.808128E-002      6.537427E-002      5.413751E-003      5.061333E-002      4.695807E-001      5.714621E-003      0.000000E+000      2.239676E-001      4.789207E-004      4.515671E-002      2.479136E-004      3.676652E-002      1.150274E-005      1.631095E-003      3.400572E-005      8.770329E-003      1.181806E-003      6.140086E-001      7.771320E-004      3.607077E-002      3.571313E-004      9.312054E-004
  2.10000E+002  5.92014E+000  5.92014E+000  4.73554E+000  1.53891E+000  1.71653E+000        CCSN      6.677535E+001      9.977209E-004      1.282202E+002      5.821509E-008      1.274437E-009      3.698125E+000      1.068827E-002      3.228400E+000      1.256680E-004      2.827005E+000      3.570280E-004      4.055786E-003      2.338067E-005      1.137826E+000      1.442487E-003      3.090450E-001      8.505015E-002      3.359903E-001      2.709475E-002      6.505712E-002      5.840861E-003      4.974152E-002      4.715658E-001      5.518546E-003      0.000000E+000      2.224535E-001      4.095934E-004      4.491159E-002      1.999565E-004      3.737390E-002      9.634206E-006      1.696572E-003      3.405478E-005      9.193822E-003      1.200190E-003      6.349352E-001      6.939847E-004      3.697899E-002      2.978838E-004      9.391529E-004
  2.20000E+002  5.86302E+000  5.86302E+000  4.73409E+000  1.53878E+000  1.71637E+000        CCSN      7.029107E+001      1.011239E-003      1.344612E+002      6.047484E-008      1.320525E-009      3.671690E+000      1.125494E-002      3.413179E+000      1.299053E-004      2.815471E+000      3.632669E-004      4.071283E-003      2.359729E-005      1.165197E+000      1.468467E-003      3.069020E-001      8.867682E-002      3.464126E-001      2.729020E-002      6.697445E-002      6.339210E-003      5.111529E-002      4.859304E-001      5.514023E-003      0.000000E+000      2.291079E-001      4.083561E-004      4.635395E-002      1.991955E-004      3.869608E-002      9.613286E-006      1.769020E-003      3.403834E-005      9.546758E-003      1.200554E-003      6.616402E-001      6.918876E-004      3.848145E-002      2.972419E-004      9.764213E-004
  2.30000E+002  5.99933E+000  5.99933E+000  4.81500E+000  1.54600E+000  1.72526E+000        CCSN      7.362861E+001      1.018041E-003      1.406402E+002      6.283823E-008      1.367116E-009      3.749001E+000      1.181646E-002      3.593009E+000      1.335210E-004      2.913370E+000      3.705437E-004      3.858548E-003      2.363220E-005      1.200627E+000      1.509278E-003      3.114029E-001      9.280620E-002      3.564253E-001      2.787711E-002      6.970021E-002      6.840207E-003      5.305838E-002      5.038484E-001      5.565325E-003      0.000000E+000      2.380714E-001      4.264492E-004      4.827223E-002      2.115381E-004      4.020398E-002      1.008264E-005      1.842749E-003      3.384853E-005      9.814331E-003      1.168037E-003      6.885913E-001      7.183277E-004      4.021519E-002      3.122744E-004      1.021996E-003
  2.40000E+002  6.09086E+000  6.09086E+000  4.92415E+000  1.55573E+000  1.73725E+000        CCSN      7.721678E+001      1.047728E-003      1.465745E+002      6.868941E-008      1.519054E-009      3.819883E+000      1.238608E-002      3.768108E+000      1.384644E-004      3.009264E+000      3.780350E-004      3.517782E-003      2.402077E-005      1.238966E+000      1.557611E-003      3.142394E-001      9.698698E-002      3.663490E-001      2.855389E-002      7.246867E-002      7.341905E-003      5.518049E-002      5.221274E-001      5.628679E-003      0.000000E+000      2.473629E-001      4.487869E-004      5.021608E-002      2.270862E-004      4.171344E-002      1.068846E-005      1.915921E-003      3.365657E-005      1.012219E-002      1.154380E-003      7.174744E-001      7.458417E-004      4.195219E-002      3.314767E-004      1.069368E-003
  2.50000E+002  6.05327E+000  6.05327E+000  4.89167E+000  1.55284E+000  1.73368E+000        CCSN      8.123541E+001      1.102125E-003      1.523266E+002      7.805634E-008      1.771743E-009      3.797138E+000      1.296296E-002      3.941968E+000      1.448902E-004      2.997360E+000      3.861301E-004      3.657642E-003      2.496701E-005      1.263344E+000      1.584975E-003      3.135451E-001      1.001684E-001      3.768556E-001      2.875046E-002      7.418618E-002      7.847783E-003      5.631076E-002      5.353094E-001      5.609267E-003      0.000000E+000      2.532849E-001      4.420939E-004      5.152166E-002      2.224626E-004      4.297715E-002      1.050791E-005      1.987911E-003      3.368229E-005      1.047846E-002      1.154976E-003      7.433853E-001      7.377918E-004      4.339960E-002      3.257928E-004      1.104040E-003
  2.60000E+002  6.12465E+000  6.12465E+000  4.92378E+000  1.55570E+000  1.73721E+000        CCSN      8.504799E+001      1.114318E-003      1.581324E+002      7.940996E-008      1.793900E-009      3.845230E+000      1.352412E-002      4.125830E+000      1.486624E-004      3.036612E+000      3.898912E-004      3.640896E-003      2.507409E-005      1.293984E+000      1.620626E-003      3.165301E-001      1.039577E-001      3.871082E-001      2.913094E-002      7.639710E-002      8.402174E-003      5.789351E-002      5.508057E-001      5.629628E-003      0.000000E+000      2.607043E-001      4.490512E-004      5.310228E-002      2.272498E-004      4.435688E-002      1.068932E-005      2.060178E-003      3.367413E-005      1.082248E-002      1.154811E-003      7.706497E-001      7.461006E-004      4.495622E-002      3.314681E-004      1.144291E-003
  2.70000E+002  6.14747E+000  6.14747E+000  4.93539E+000  1.55673E+000  1.73849E+000        CCSN      8.917711E+001      1.143217E-003      1.636813E+002      8.262206E-008      1.869279E-009      3.863350E+000      1.409513E-002      4.307746E+000      1.534240E-004      3.054009E+000      3.943777E-004      3.521801E-003      2.548228E-005      1.322686E+000      1.656549E-003      3.167329E-001      1.075194E-001      3.974246E-001      2.946713E-002      7.841603E-002      8.959126E-003      5.931513E-002      5.655506E-001      5.636686E-003      0.000000E+000      2.676445E-001      4.514983E-004      5.459702E-002      2.289627E-004      4.570082E-002      1.075457E-005      2.132418E-003      3.367789E-005      1.117200E-002      1.155576E-003      7.974928E-001      7.489391E-004      4.647716E-002      3.334867E-004      1.182784E-003
  2.80000E+002  6.11905E+000  6.11905E+000  4.90831E+000  1.55432E+000  1.73551E+000        CCSN      9.358795E+001      1.161314E-003      1.690269E+002      8.696675E-008      1.977403E-009      3.847909E+000      1.465849E-002      4.491239E+000      1.578075E-004      3.041617E+000      4.008522E-004      3.608070E-003      2.581525E-005      1.347626E+000      1.688270E-003      3.158980E-001      1.108051E-001      4.079296E-001      2.969328E-002      8.013648E-002      9.525420E-003      6.045814E-002      5.789419E-001      5.621186E-003      0.000000E+000      2.736899E-001      4.459999E-004      5.592440E-002      2.251527E-004      4.697228E-002      1.060487E-005      2.204404E-003      3.368927E-005      1.152530E-002      1.155319E-003      8.235749E-001      7.424375E-004      4.793595E-002      3.287900E-004      1.217905E-003
  2.90000E+002  6.08950E+000  6.08950E+000  4.92037E+000  1.55539E+000  1.73684E+000        CCSN      9.805675E+001      1.156576E-003      1.742735E+002      8.462257E-008      1.901933E-009      3.834590E+000      1.522136E-002      4.683735E+000      1.607879E-004      3.044432E+000      4.032086E-004      3.518671E-003      2.564671E-005      1.376470E+000      1.727057E-003      3.145047E-001      1.144856E-001      4.182583E-001      3.001857E-002      8.211300E-002      1.013181E-002      6.186447E-002      5.937436E-001      5.626603E-003      0.000000E+000      2.806592E-001      4.480419E-004      5.742414E-002      2.265757E-004      4.831795E-002      1.066785E-005      2.276872E-003      3.365893E-005      1.187419E-002      1.154474E-003      8.505452E-001      7.449542E-004      4.946245E-002      3.308219E-004      1.256510E-003
  3.00000E+002  6.11593E+000  6.11593E+000  4.94249E+000  1.55736E+000  1.73927E+000        CCSN      1.028644E+002      1.188344E-003      1.791332E+002      9.354196E-008      2.141762E-009      3.853974E+000      1.576749E-002      4.856980E+000      1.657988E-004      3.077708E+000      4.156356E-004      3.528125E-003      2.617790E-005      1.406340E+000      1.770422E-003      3.161554E-001      1.179045E-001      4.285514E-001      3.054131E-002      8.411832E-002      1.066937E-002      6.331016E-002      6.088402E-001      5.639530E-003      0.000000E+000      2.878346E-001      4.526267E-004      5.896747E-002      2.296947E-004      4.968577E-002      1.079106E-005      2.349249E-003      3.366597E-005      1.222510E-002      1.155425E-003      8.776383E-001      7.502534E-004      5.099913E-002      3.346825E-004      1.295865E-003
  3.50000E+002  6.07413E+000  6.07413E+000  4.89402E+000  1.55305E+000  1.73394E+000        CCSN      1.293699E+002      1.320493E-003      2.012337E+002      1.265591E-007      3.011871E-009      3.845548E+000      1.845657E-002      5.717447E+000      1.901698E-004      3.136887E+000      5.003944E-004      3.732013E-003      2.866466E-005      1.540259E+000      1.962421E-003      3.161825E-001      1.337361E-001      4.805741E-001      3.309628E-002      9.269086E-002      1.327873E-002      6.929908E-002      6.788232E-001      5.611444E-003      0.000000E+000      3.200766E-001      4.427756E-004      6.597250E-002      2.229271E-004      5.619763E-002      1.052310E-005      2.709446E-003      3.368869E-005      1.397903E-002      1.155415E-003      1.009626E+000      7.386191E-004      5.842847E-002      3.262439E-004      1.478990E-003
  4.00000E+002  6.19964E+000  6.19964E+000  5.01475E+000  1.56380E+000  1.74721E+000        CCSN      1.591670E+002      1.431383E-003      2.197289E+002      1.657601E-007      3.999640E-009      3.951841E+000      2.081683E-002      6.464427E+000      2.115716E-004      3.454722E+000      7.277574E-004      3.457412E-003      3.085323E-005      1.691493E+000      2.178864E-003      3.226917E-001      1.482576E-001      5.318817E-001      3.768445E-002      1.019050E-001      1.519893E-002      7.618784E-002      7.544694E-001      5.681871E-003      0.000000E+000      3.561603E-001      4.676543E-004      7.375004E-002      2.398723E-004      6.307039E-002      1.119535E-005      3.072938E-003      3.380999E-005      1.574862E-002      1.166997E-003      1.145222E+000      7.683141E-004      6.609500E-002      3.473903E-004      1.676244E-003
  4.50000E+002  6.10194E+000  6.10194E+000  4.93166E+000  1.55640E+000  1.73808E+000        CCSN      1.919307E+002      1.688565E-003      2.356017E+002      2.316527E-007      5.858714E-009      3.919342E+000      2.264328E-002      6.971159E+000      2.381996E-004      3.879002E+000      1.225303E-003      3.831641E-003      3.699252E-005      1.823203E+000      2.389095E-003      3.273747E-001      1.555901E-001      5.840605E-001      4.336450E-002      1.092711E-001      1.587682E-002      8.143004E-002      8.234966E-001      5.633023E-003      0.000000E+000      3.876333E-001      4.503535E-004      8.056653E-002      2.281617E-004      6.947369E-002      1.073014E-005      3.430661E-003      3.365732E-005      1.747113E-002      1.154357E-003      1.276327E+000      7.476923E-004      7.350408E-002      3.327990E-004      1.856644E-003
  5.00000E+002  6.21686E+000  6.21686E+000  5.00457E+000  1.56289E+000  1.74609E+000        CCSN      2.241819E+002      1.744439E-003      2.516838E+002      3.440197E-007      1.962635E-007      4.009248E+000      3.509701E-002      7.499143E+000      2.436451E-004      4.394373E+000      1.678519E-003      3.665807E-003      5.535933E-005      1.970211E+000      2.631380E-003      3.389208E-001      1.645861E-001      6.355084E-001      4.940618E-002      1.177502E-001      1.671418E-002      8.777783E-002      8.973554E-001      5.676767E-003      0.000000E+000      4.225829E-001      4.656818E-004      8.812267E-002      2.385941E-004      7.624179E-002      1.114035E-005      3.793168E-003      3.379565E-005      1.924123E-002      1.165607E-003      1.410840E+000      7.659438E-004      8.109310E-002      3.456223E-004      2.049717E-003
  5.50000E+002  6.09127E+000  6.09127E+000  4.92042E+000  1.55540E+000  1.73684E+000        CCSN      2.563682E+002      2.017043E-003      2.681578E+002      3.394453E-007      2.867598E-007      3.959711E+000      3.242910E-002      8.077692E+000      2.749126E-004      4.744470E+000      2.131266E-003      4.036727E-003      7.431881E-005      2.101656E+000      2.858499E-003      3.407534E-001      1.731925E-001      6.877018E-001      5.460420E-002      1.251786E-001      1.773903E-002      9.307660E-002      9.663464E-001      5.626676E-003      0.000000E+000      4.540296E-001      4.480655E-004      9.494248E-002      2.265915E-004      8.265337E-002      1.066827E-005      4.151401E-003      3.366023E-005      2.096985E-002      1.154494E-003      1.541978E+000      7.449910E-004      8.849495E-002      3.308360E-004      2.230020E-003
  6.00000E+002  6.06152E+000  6.06152E+000  4.88847E+000  1.55255E+000  1.73333E+000        CCSN      2.900678E+002      2.159894E-003      2.829665E+002      3.347481E-007      1.472972E-007      3.955107E+000      2.925997E-002      8.424923E+000      2.967796E-004      5.412716E+000      2.881337E-003      4.282355E-003      8.522739E-005      2.238727E+000      3.209201E-003      3.511982E-001      1.761021E-001      7.396086E-001      6.154358E-002      1.327443E-001      1.757627E-002      9.853485E-002      1.036807E+000      5.608049E-003      0.000000E+000      4.866117E-001      4.415478E-004      1.020165E-001      2.221086E-004      8.919540E-002      1.049153E-005      4.511459E-003      3.369215E-005      2.272414E-002      1.155308E-003      1.674160E+000      7.371241E-004      9.594089E-002      3.252564E-004      2.414336E-003
