# Initial composition Z = 0.001
# 0.00000E+000  0.00000E+000  0.00000E+000  0.00000E+000  0.00000E+000  0.00000E+000          SN      7.489600E-001      2.262300E-005      2.499800E-001      2.720200E-009      1.084700E-011      1.798200E-004      2.179000E-006      4.851100E-005      1.193000E-007      4.399700E-004      1.775900E-007      9.922900E-007      3.305100E-008      9.341600E-005      2.351300E-007      7.555700E-006      2.355100E-006      3.452800E-005      4.553300E-006      5.213700E-006      0.000000E+000      3.816300E-006      4.774800E-005      2.236200E-006      4.281200E-007      2.221800E-005      5.372600E-007      4.808000E-006      2.414200E-007      4.400100E-006      3.187600E-009      2.402200E-007      2.440900E-008      1.165600E-006      6.463200E-007      8.860900E-005      2.349300E-007      5.002100E-006      4.939400E-008      1.247600E-007
# total ejecta
           Min          Mfin          M_HE          M_CO          Mrem          Mbar         SNT                  H                HE3                HE4                LI7                BE7                C12                C13                N14                N15                O16                O17                O18                F19               NE20               NE21               NE22               NA23               MG24               MG25               MG26               AL26               AL27               SI28               SI29                  P                  S                 CL                 AR                  K                 CA                 SC                 TI                  V                 CR                 MN                 FE                 CO                 NI                 CU                 ZN
  1.40000E+001  1.39375E+001  4.94049E+000  2.83433E+000  1.41871E+000  1.56967E+000        CCSN      6.533739E+000      3.314773E-004      4.499913E+000      8.482200E-011      3.088287E-016      1.929455E-001      5.748883E-005      2.924876E-003      4.385263E-007      6.666268E-001      5.583013E-006      7.406502E-005      2.982258E-007      1.882848E-001      3.326016E-005      9.481628E-004      1.422228E-003      7.886284E-002      5.616368E-004      8.259480E-004      2.451839E-007      1.998393E-003      1.052286E-001      6.912816E-004      0.000000E+000      4.658644E-002      5.766715E-005      8.813488E-003      2.244359E-005      7.673667E-003      1.075552E-007      1.468619E-004      1.057499E-005      1.727687E-003      5.559840E-004      8.008708E-002      8.285571E-005      2.878090E-003      1.913005E-006      1.920276E-005
  1.60000E+001  1.59154E+001  5.79909E+000  3.50852E+000  1.42712E+000  1.57987E+000        CCSN      7.278611E+000      3.559681E-004      5.011943E+000      2.102272E-010      1.434910E-015      2.514358E-001      6.168377E-005      2.986715E-003      5.133756E-007      1.090535E+000      5.595263E-006      7.281685E-005      4.379885E-007      3.907036E-001      5.427007E-005      1.572770E-003      2.433315E-003      1.240514E-001      9.102520E-004      1.479653E-003      2.745421E-007      3.383779E-003      1.057110E-001      7.859729E-004      0.000000E+000      4.561630E-002      4.933854E-005      8.774803E-003      1.781999E-005      7.797640E-003      1.304644E-007      1.372117E-004      1.049904E-005      1.674874E-003      5.142064E-004      8.009780E-002      7.541355E-005      2.424385E-003      2.360083E-006      1.962974E-005
  1.80000E+001  1.78750E+001  6.70178E+000  4.19577E+000  1.47521E+000  1.63843E+000        CCSN      7.608847E+000      3.737782E-004      5.954978E+000      2.968473E-010      2.109002E-014      3.030744E-001      6.847770E-005      3.562043E-003      5.399538E-007      1.495356E+000      5.050486E-006      6.206857E-005      5.141469E-007      5.414691E-001      7.261548E-005      1.880663E-003      3.260036E-003      1.575271E-001      1.130649E-003      1.910615E-003      3.636246E-007      4.357955E-003      1.195799E-001      8.681020E-004      0.000000E+000      5.180290E-002      4.960430E-005      1.005348E-002      1.796619E-005      8.981471E-003      1.706694E-007      1.482689E-004      1.114113E-005      1.880390E-003      5.213510E-004      8.029411E-002      6.388915E-005      2.646857E-003      5.436197E-006      3.449320E-005
  2.00000E+001  1.98242E+001  7.61648E+000  4.92903E+000  1.64290E+000  1.84533E+000        CCSN      8.449171E+000      3.991953E-004      6.379562E+000      3.758637E-010      9.509814E-012      3.926756E-001      7.633416E-005      3.970996E-003      6.356542E-007      1.837478E+000      5.530768E-006      4.200619E-005      6.681463E-007      5.357858E-001      8.318400E-005      2.078203E-003      3.447032E-003      1.538489E-001      9.700315E-004      1.664196E-003      9.597762E-007      4.077525E-003      1.366980E-001      8.819577E-004      0.000000E+000      5.918580E-002      6.985189E-005      1.113157E-002      2.556321E-005      9.663682E-003      2.250301E-007      2.135882E-004      8.677229E-006      2.131687E-003      4.420480E-004      1.510072E-001      8.058003E-005      4.673564E-003      1.801096E-005      9.948313E-005
  2.20000E+001  2.17802E+001  8.50517E+000  5.72601E+000  1.82140E+000  2.07021E+000        CCSN      8.745355E+000      4.116443E-004      7.256554E+000      4.057438E-010      3.679858E-012      5.184721E-001      8.384340E-005      4.490654E-003      7.136901E-007      2.232677E+000      5.960269E-006      2.218629E-005      9.219855E-007      5.295286E-001      9.423198E-005      2.707050E-003      3.673415E-003      1.512007E-001      7.881799E-004      1.392842E-003      2.834464E-006      3.772196E-003      2.292178E-001      9.354460E-004      0.000000E+000      1.081814E-001      9.973123E-005      2.067897E-002      3.861763E-005      1.767390E-002      3.349842E-007      2.095674E-004      1.602471E-005      3.683377E-003      8.243724E-004      9.977919E-002      3.180365E-005      7.614545E-004      3.025369E-006      5.692180E-006
  2.40000E+001  2.36954E+001  9.51921E+000  6.62161E+000  1.75111E+000  1.98109E+000        CCSN      9.394009E+000      4.307799E-004      7.741175E+000      4.704412E-010      6.353182E-012      5.385691E-001      9.082977E-005      5.155848E-003      6.954508E-007      2.930889E+000      5.781441E-006      1.623238E-005      8.368132E-007      7.991020E-001      1.397144E-004      2.571220E-003      5.499858E-003      1.862133E-001      1.040991E-003      1.950638E-003      2.999776E-006      5.076048E-003      1.919212E-001      9.920291E-004      0.000000E+000      8.454639E-002      9.292633E-005      1.576936E-002      3.580722E-005      1.339009E-002      4.242490E-007      1.702311E-004      1.040847E-005      2.353870E-003      5.275707E-004      1.045639E-001      5.198953E-005      2.077160E-003      1.124310E-005      4.263660E-005
  2.60000E+001  2.56336E+001  1.06297E+001  7.57496E+000  2.51336E+001  2.56336E+001         FSN      2.739594E-001      3.117903E-005      9.208114E-002      5.048195E-010      5.390289E-015      6.535162E-005      8.394532E-007      1.902857E-005      4.316484E-008      1.604659E-004      6.500175E-008      3.611303E-007      1.204911E-008      3.419735E-005      8.590480E-008      2.755690E-006      9.155383E-007      1.265320E-005      1.660721E-006      1.906849E-006      6.026628E-010      1.409296E-006      1.749729E-005      0.000000E+000      0.000000E+000      8.141456E-006      0.000000E+000      1.761853E-006      0.000000E+000      1.612385E-006      0.000000E+000      8.802836E-008      0.000000E+000      4.271316E-007      0.000000E+000      3.246987E-005      0.000000E+000      1.832970E-006      0.000000E+000      4.571608E-008
  2.80000E+001  2.75718E+001  1.15645E+001  8.46390E+000  2.70718E+001  2.75718E+001         FSN      3.204719E-001      3.671637E-005      1.072167E-001      5.474858E-010      5.430481E-015      7.682496E-005      9.428715E-007      2.122855E-005      5.087375E-008      1.880593E-004      7.595545E-008      4.239820E-007      1.412382E-008      3.998304E-005      1.005230E-007      3.229854E-006      1.028914E-006      1.478359E-005      1.946260E-006      2.230351E-006      4.592309E-010      1.638651E-006      2.044379E-005      0.000000E+000      0.000000E+000      9.512576E-006      0.000000E+000      2.058571E-006      0.000000E+000      1.883930E-006      0.000000E+000      1.028534E-007      0.000000E+000      4.990658E-007      0.000000E+000      3.793819E-005      0.000000E+000      2.141664E-006      0.000000E+000      5.341522E-008
  3.00000E+001  2.94671E+001  1.26100E+001  9.43344E+000  2.89671E+001  2.94671E+001         FSN      3.990497E-001      4.577484E-005      1.332855E-001      5.751562E-010      3.674928E-015      9.575783E-005      1.169855E-006      2.601967E-005      6.341972E-008      2.343564E-004      9.462333E-008      5.284660E-007      1.760337E-008      4.977760E-005      1.252523E-007      4.024743E-006      1.262550E-006      1.840042E-005      2.425375E-006      2.777757E-006      1.108169E-010      2.035447E-006      2.544578E-005      0.000000E+000      0.000000E+000      1.184008E-005      0.000000E+000      2.562255E-006      0.000000E+000      2.344884E-006      0.000000E+000      1.280192E-007      0.000000E+000      6.211756E-007      0.000000E+000      4.722079E-005      0.000000E+000      2.665680E-006      0.000000E+000      6.648469E-008
  3.50000E+001  3.41498E+001  1.54179E+001  1.19613E+001  3.36498E+001  3.41498E+001         FSN      6.366746E-001      7.296646E-005      2.126299E-001      6.354342E-010      5.009415E-015      1.527500E-004      1.885052E-006      4.150657E-005      1.010077E-007      3.739171E-004      1.509908E-007      8.431041E-007      2.808732E-008      7.941749E-005      1.998503E-007      6.421430E-006      2.013223E-006      2.935658E-005      3.869694E-006      4.432047E-006      3.051461E-011      3.247069E-006      4.059699E-005      0.000000E+000      0.000000E+000      1.889004E-005      0.000000E+000      4.087903E-006      0.000000E+000      3.741102E-006      0.000000E+000      2.042459E-007      0.000000E+000      9.910432E-007      0.000000E+000      7.533754E-005      0.000000E+000      4.252909E-006      0.000000E+000      1.060718E-007
  4.00000E+001  3.87231E+001  1.81572E+001  1.45398E+001  3.82231E+001  3.87231E+001         FSN      9.563002E-001      1.097893E-004      3.192356E-001      6.305314E-010      7.755476E-015      2.295742E-004      2.788808E-006      6.202294E-005      1.521206E-007      5.617599E-004      2.267726E-007      1.266907E-006      4.219897E-008      1.192821E-004      3.002140E-007      9.647287E-006      3.010763E-006      4.408921E-005      5.813681E-006      6.657147E-006      5.115556E-012      4.873880E-006      6.097086E-005      0.000000E+000      0.000000E+000      2.837017E-005      0.000000E+000      6.139452E-006      0.000000E+000      5.618606E-006      0.000000E+000      3.067485E-007      0.000000E+000      1.488407E-006      0.000000E+000      1.131463E-004      0.000000E+000      6.387268E-006      0.000000E+000      1.593048E-007
  5.00000E+001  4.67091E+001  2.40912E+001  1.99772E+001  4.62091E+001  4.67091E+001         FSN      2.464034E+000      2.826114E-004      8.232897E-001      7.314296E-010      1.472729E-014      5.910715E-004      7.227661E-006      1.613569E-004      3.907617E-007      1.446791E-003      5.842775E-007      3.261662E-006      1.086819E-007      3.073698E-004      7.733212E-007      2.484678E-005      7.828211E-006      1.136289E-004      1.497284E-005      1.715084E-005      1.177817E-010      1.257711E-005      1.571354E-004      0.000000E+000      0.000000E+000      7.311596E-005      0.000000E+000      1.582267E-005      0.000000E+000      1.448034E-005      0.000000E+000      7.905561E-007      0.000000E+000      3.835940E-006      0.000000E+000      2.916021E-004      0.000000E+000      1.646135E-005      0.000000E+000      4.105623E-007
  6.00000E+001  5.21778E+001  3.02998E+001  2.57649E+001  5.16778E+001  5.21778E+001         FSN      5.751412E+000      6.286203E-004      2.062318E+000      8.676711E-010      2.717962E-014      1.324435E-003      1.741311E-005      6.029956E-004      8.601502E-007      3.296274E-003      1.377573E-006      7.295492E-006      2.443280E-007      7.237848E-004      1.749409E-006      5.680540E-005      2.860292E-005      2.706220E-004      3.412111E-005      3.966874E-005      2.572680E-008      3.234162E-005      3.736642E-004      0.000000E+000      0.000000E+000      1.738071E-004      0.000000E+000      3.761275E-005      0.000000E+000      3.442184E-005      0.000000E+000      1.879265E-006      0.000000E+000      9.118578E-006      0.000000E+000      6.931798E-004      0.000000E+000      3.913097E-005      0.000000E+000      9.759652E-007
  7.00000E+001  6.15883E+001  3.65556E+001  3.16913E+001  3.58312E+001  3.63312E+001       PPISN      1.765081E+001      6.786300E-004      1.598413E+001      8.664167E-009      1.677216E-010      1.726177E-003      1.021334E-004      1.585199E-002      1.071863E-006      4.374887E-003      2.139624E-006      8.738401E-006      3.026354E-007      2.697087E-003      2.661920E-006      9.415495E-005      7.337487E-004      1.211414E-003      4.927067E-005      8.879098E-005      1.076835E-005      3.049995E-004      1.620676E-003      0.000000E+000      0.000000E+000      7.492430E-004      0.000000E+000      1.621401E-004      0.000000E+000      1.483847E-004      0.000000E+000      8.101088E-006      0.000000E+000      3.930815E-005      0.000000E+000      2.988141E-003      0.000000E+000      1.686848E-004      0.000000E+000      4.207167E-006
  8.00000E+001  6.93684E+001  3.05946E+001  2.76493E+001  6.88684E+001  6.93684E+001         FSN      5.821727E+000      4.008189E-004      4.689117E+000      1.895591E-009      9.711303E-008      8.981207E-002      1.833067E-003      6.189467E-003      5.760478E-007      1.870608E-002      3.054712E-006      5.017710E-006      1.701782E-007      8.848666E-004      1.377521E-006      2.869339E-004      1.714439E-004      3.767452E-004      3.265808E-005      3.563795E-005      2.617201E-006      8.408334E-005      5.116220E-004      0.000000E+000      0.000000E+000      2.365411E-004      0.000000E+000      5.118871E-005      0.000000E+000      4.684609E-005      0.000000E+000      2.557568E-006      0.000000E+000      1.240985E-005      0.000000E+000      9.433767E-004      0.000000E+000      5.325492E-005      0.000000E+000      1.328231E-006
  8.50000E+001  7.19705E+001  2.80617E+001  2.80612E+001  7.14705E+001  7.19705E+001         FSN      6.816137E+000      3.907604E-004      6.029475E+000      1.116588E-009      1.069619E-007      1.269374E-001      4.260577E-003      1.533046E-002      7.082762E-007      3.220845E-002      1.135581E-005      4.937997E-006      1.690156E-007      1.075868E-003      1.422564E-006      4.136256E-004      2.405425E-004      4.624315E-004      4.020073E-005      4.062315E-005      4.049611E-006      1.123154E-004      6.276298E-004      0.000000E+000      0.000000E+000      2.899263E-004      0.000000E+000      6.274156E-005      0.000000E+000      5.741881E-005      0.000000E+000      3.134787E-006      0.000000E+000      1.521063E-005      0.000000E+000      1.156288E-003      0.000000E+000      6.527409E-005      0.000000E+000      1.628000E-006
  9.00000E+001  7.49179E+001  2.91307E+001  2.91285E+001  7.44179E+001  7.49179E+001         FSN      7.885592E+000      5.272655E-004      6.936924E+000      1.648195E-009      2.051598E-007      1.923045E-001      5.715230E-003      1.645628E-002      8.759579E-007      3.890174E-002      1.221536E-005      6.452762E-006      2.218391E-007      1.255593E-003      1.774030E-006      6.791161E-004      2.474251E-004      5.307995E-004      5.578701E-005      4.865450E-005      6.153583E-006      1.258241E-004      7.267918E-004      0.000000E+000      0.000000E+000      3.356034E-004      0.000000E+000      7.262629E-005      0.000000E+000      6.646498E-005      0.000000E+000      3.628664E-006      0.000000E+000      1.760702E-005      0.000000E+000      1.338458E-003      0.000000E+000      7.555782E-005      0.000000E+000      1.884488E-006
  9.50000E+001  7.70642E+001  3.08723E+001  3.08701E+001  7.65642E+001  7.70642E+001         FSN      9.153664E+000      6.007072E-004      8.447390E+000      1.693263E-009      2.488665E-007      2.613406E-001      5.615134E-003      1.417824E-002      9.464162E-007      4.622334E-002      8.232149E-006      7.252797E-006      2.502661E-007      1.478345E-003      2.002712E-006      9.255377E-004      2.987209E-004      6.296249E-004      6.776094E-005      5.613430E-005      8.752082E-006      1.536501E-004      8.649584E-004      0.000000E+000      0.000000E+000      3.991541E-004      0.000000E+000      8.637901E-005      0.000000E+000      7.905095E-005      0.000000E+000      4.315797E-006      0.000000E+000      2.094113E-005      0.000000E+000      1.591912E-003      0.000000E+000      8.986566E-005      0.000000E+000      2.241339E-006
  1.00000E+002  7.50803E+001  3.45670E+001  3.45642E+001  3.39228E+001  3.44228E+001       PPISN      2.126081E+001      6.595327E-004      3.082218E+001      9.481057E-010      1.401384E-006      2.079773E+000      5.284553E-001      3.125402E+000      5.468598E-005      7.553984E+000      5.278602E-003      1.032297E-005      5.517677E-007      1.515144E-001      4.391985E-006      1.056517E-002      1.201463E-003      1.661629E-002      7.031215E-003      1.142517E-003      1.033647E-004      7.455988E-004      3.189172E-003      0.000000E+000      0.000000E+000      1.459513E-003      0.000000E+000      3.158461E-004      0.000000E+000      2.890509E-004      0.000000E+000      1.578078E-005      0.000000E+000      7.657155E-005      0.000000E+000      5.820847E-003      0.000000E+000      3.285950E-004      0.000000E+000      8.195485E-006
  1.10000E+002  7.86270E+001  4.10194E+001  4.10166E+001  3.86931E+001  3.91931E+001       PPISN      2.423153E+001      1.105241E-003      3.358769E+001      1.695848E-009      2.721371E-006      3.177240E+000      6.308294E-001      2.259770E+000      4.012703E-005      6.749186E+000      3.290200E-003      1.393500E-005      6.737308E-007      1.182139E-001      4.777747E-006      1.219479E-002      1.152760E-003      1.417190E-002      5.949661E-003      1.021398E-003      1.186802E-004      7.793763E-004      3.445678E-003      0.000000E+000      0.000000E+000      1.576965E-003      0.000000E+000      3.412632E-004      0.000000E+000      3.123119E-004      0.000000E+000      1.705071E-005      0.000000E+000      8.273352E-005      0.000000E+000      6.289272E-003      0.000000E+000      3.550382E-004      0.000000E+000      8.855006E-006
  1.20000E+002  8.93327E+001  4.89554E+001  4.60267E+001  4.19678E+001  4.24678E+001       PPISN      2.573733E+001      1.167939E-003      3.626295E+001      9.832290E-010      1.892124E-006      3.173435E+000      6.248573E-001      2.694932E+000      4.790701E-005      8.779761E+000      2.870380E-003      1.469611E-005      7.178851E-007      1.931479E-001      4.566035E-006      1.237801E-002      1.249626E-003      2.336467E-002      8.498185E-003      1.390216E-003      1.491705E-004      8.831639E-004      3.776083E-003      0.000000E+000      0.000000E+000      1.726073E-003      0.000000E+000      3.735309E-004      0.000000E+000      3.418420E-004      0.000000E+000      1.866291E-005      0.000000E+000      9.055627E-005      0.000000E+000      6.883944E-003      0.000000E+000      3.886082E-004      0.000000E+000      9.692276E-006
  1.30000E+002  9.94577E+001  5.44695E+001  5.11350E+001  4.68519E+001  4.73519E+001       PPISN      2.701537E+001      1.208997E-003      3.848840E+001      4.853951E-010      1.136104E-006      2.690676E+000      7.352030E-001      3.620637E+000      6.354117E-005      9.793286E+000      4.113143E-003      1.569223E-005      7.753026E-007      2.281905E-001      4.649000E-006      1.281891E-002      1.328786E-003      2.982840E-002      9.588520E-003      1.565496E-003      1.744657E-004      9.652540E-004      4.024374E-003      0.000000E+000      0.000000E+000      1.838126E-003      0.000000E+000      3.977798E-004      0.000000E+000      3.640337E-004      0.000000E+000      1.987448E-005      0.000000E+000      9.643500E-005      0.000000E+000      7.330838E-003      0.000000E+000      4.138360E-004      0.000000E+000      1.032148E-005
  1.40000E+002  1.09358E+002  5.95678E+001  5.61747E+001  4.70218E+001  4.75218E+001       PPISN      2.888391E+001      1.262979E-003      4.272150E+001      3.148394E-010      7.187118E-007      2.748764E+000      7.790556E-001      4.598627E+000      7.862161E-005      1.217100E+001      6.480010E-003      1.686041E-005      9.140468E-007      4.431811E-001      4.880006E-006      1.418548E-002      1.470621E-003      7.662123E-002      1.226279E-002      1.966154E-003      2.211852E-004      1.121594E-003      4.508544E-003      0.000000E+000      0.000000E+000      2.055213E-003      0.000000E+000      4.447582E-004      0.000000E+000      4.070267E-004      0.000000E+000      2.222168E-005      0.000000E+000      1.078241E-004      0.000000E+000      8.196621E-003      0.000000E+000      4.627106E-004      0.000000E+000      1.154046E-005
  1.50000E+002  1.17754E+002  6.45860E+001  6.09179E+001  4.21663E+000  4.71663E+000       PPISN      2.967757E+001      1.279453E-003      4.298991E+001      1.619664E-010      3.516429E-007      7.935686E+000      7.456361E-001      3.781371E+000      6.850765E-005      5.545136E+001      4.949426E-003      2.204567E-005      2.319740E-006      3.773943E+000      8.700032E-005      1.382643E-002      1.394849E-001      6.566781E-001      6.632913E-002      9.536114E-003      1.385727E-003      2.391658E-003      1.308343E-002      0.000000E+000      0.000000E+000      3.247455E-003      0.000000E+000      7.007559E-004      0.000000E+000      6.412913E-004      0.000000E+000      3.501139E-005      0.000000E+000      1.698824E-004      0.000000E+000      1.291419E-002      0.000000E+000      7.290253E-004      0.000000E+000      1.818120E-005
  1.60000E+002  1.26819E+002  6.91344E+001  6.54049E+001  0.00000E+000  0.00000E+000        PISN      3.109967E+001      1.289744E-003      4.859415E+001      7.340619E-011      1.807363E-007      9.032467E+000      8.436398E-001      5.227203E+000      9.108104E-005      5.778566E+001      7.650564E-003      2.135244E-005      9.602608E-007      5.333345E+000      5.416371E-004      1.526540E-002      1.129012E-002      1.631944E+000      7.796047E-003      4.743628E-003      1.998900E-004      3.696660E-002      3.397070E-001      2.086276E-003      2.884596E-003      3.288098E-003      5.929389E-005      4.507897E-004      1.420967E-007      3.994225E-004      1.490197E-011      2.180570E-005      1.170869E-012      1.058055E-004      8.845385E-014      9.437567E-003      1.660506E-014      4.540481E-004      6.280118E-015      1.132441E-005
  1.70000E+002  1.35485E+002  7.23592E+001  6.91409E+001  0.00000E+000  0.00000E+000        PISN      3.264729E+001      1.307661E-003      5.132457E+001      7.572098E-011      1.129137E-007      6.173015E+000      8.624782E-001      6.019566E+000      1.105443E-004      5.164160E+001      9.583143E-003      2.056319E-005      1.085876E-006      4.003973E+000      1.393231E-004      1.634795E-002      4.729448E-003      3.248550E+000      6.828378E-003      2.686461E-003      2.348814E-004      1.840505E-002      9.979422E+000      2.288894E-002      2.552922E-003      3.241249E+000      1.514503E-003      4.111339E-001      1.301647E-003      2.497249E-001      2.691041E-006      3.544943E-004      3.985035E-005      4.116415E-003      1.669924E-003      9.784628E-002      3.871474E-006      2.374446E-003      4.126061E-012      1.216332E-005
  1.80000E+002  1.42941E+002  7.84877E+001  7.48731E+001  0.00000E+000  0.00000E+000        PISN      3.417512E+001      1.318054E-003      5.372353E+001      6.781639E-011      8.191954E-008      6.518880E+000      8.515675E-001      5.415285E+000      9.994288E-005      5.260910E+001      8.995079E-003      1.996040E-005      1.085087E-006      4.155714E+000      2.429945E-004      1.634109E-002      4.744761E-003      3.621165E+000      7.451820E-003      2.718311E-003      2.515556E-004      1.739742E-002      1.318604E+001      2.229897E-002      1.972442E-003      4.535400E+000      1.463791E-003      5.774481E-001      1.176502E-003      3.547126E-001      2.991750E-006      6.451191E-004      6.527259E-005      8.423098E-003      2.862623E-003      1.729496E-001      4.265897E-006      2.981287E-003      4.660769E-012      1.265658E-005
  1.90000E+002  1.50818E+002  8.30617E+001  7.97575E+001  0.00000E+000  0.00000E+000        PISN      3.536006E+001      1.324242E-003      5.655820E+001      6.359483E-011      5.026973E-008      5.867806E+000      8.712707E-001      6.825431E+000      1.233572E-004      5.379714E+001      1.171833E-002      2.097846E-005      1.259642E-006      4.244461E+000      2.855814E-004      1.748398E-002      4.808560E-003      3.859400E+000      8.400519E-003      2.866767E-003      2.825174E-004      1.777332E-002      1.538611E+001      2.171688E-002      1.737437E-003      5.555301E+000      1.352995E-003      7.296470E-001      1.013898E-003      4.681687E-001      3.135101E-006      1.232100E-003      9.335658E-005      1.830440E-002      4.454747E-003      3.568990E-001      4.500650E-006      3.552743E-003      4.959151E-012      1.332289E-005
  2.00000E+002  1.57605E+002  8.97469E+001  8.59177E+001  0.00000E+000  0.00000E+000        PISN      3.683120E+001      1.332280E-003      5.853968E+001      6.325233E-011      4.482772E-008      6.100269E+000      8.066658E-001      6.295085E+000      1.143180E-004      5.314505E+001      1.054785E-002      2.071359E-005      1.226547E-006      4.140992E+000      2.593403E-004      1.693740E-002      4.778378E-003      4.231244E+000      9.684167E-003      3.041809E-003      2.900486E-004      1.861208E-002      1.906993E+001      2.073684E-002      1.459719E-003      7.512001E+000      1.193207E-003      1.058785E+000      7.953200E-004      7.500202E-001      3.352123E-006      3.514163E-003      1.879110E-004      6.370250E-002      1.081361E-002      1.343949E+000      5.027550E-006      5.578865E-003      5.542592E-012      1.374715E-005
  2.10000E+002  1.64451E+002  9.79759E+001  9.32521E+001  0.00000E+000  0.00000E+000        PISN      3.825028E+001      1.327098E-003      6.044901E+001      7.053271E-011      4.538398E-008      6.421014E+000      6.776750E-001      4.907973E+000      9.048932E-005      5.117056E+001      9.037195E-003      1.940357E-005      1.139940E-006      4.058247E+000      2.066843E-004      1.529005E-002      4.740720E-003      4.402970E+000      9.621644E-003      3.052522E-003      2.812908E-004      1.833131E-002      2.242069E+001      1.984842E-002      1.259021E-003      9.524849E+000      1.023620E-003      1.452390E+000      5.814665E-004      1.129124E+000      3.534111E-006      8.102416E-003      3.676648E-004      1.809434E-001      2.895312E-002      4.815720E+000      1.006110E-005      1.487991E-002      1.910933E-009      1.399585E-005
  2.20000E+002  1.70262E+002  1.04707E+002  9.89786E+001  0.00000E+000  0.00000E+000        PISN      4.019721E+001      1.405679E-003      6.259615E+001      7.426912E-011      4.388067E-008      6.586261E+000      7.055307E-001      4.289958E+000      8.052908E-005      4.898831E+001      7.467069E-003      1.976080E-005      1.047147E-006      3.895567E+000      1.518739E-004      1.537935E-002      4.726690E-003      4.404533E+000      9.179267E-003      3.041169E-003      2.848835E-004      1.809622E-002      2.442189E+001      1.939868E-002      1.227572E-003      1.075711E+001      9.068044E-004      1.710254E+000      4.483102E-004      1.390324E+000      3.588583E-006      1.160266E-002      4.725088E-004      2.743868E-001      4.214570E-002      9.549442E+000      6.286204E-004      9.468132E-002      2.128485E-006      3.604987E-005
  2.30000E+002  1.75573E+002  1.13162E+002  1.06357E+002  0.00000E+000  0.00000E+000        PISN      4.191641E+001      1.399135E-003      6.430624E+001      7.974182E-011      3.642156E-008      6.359564E+000      5.870936E-001      3.534237E+000      6.832510E-005      4.581471E+001      6.403507E-003      1.907840E-005      9.835252E-007      3.881825E+000      1.579253E-004      1.332578E-002      4.776947E-003      4.435378E+000      8.273269E-003      2.842514E-003      2.713217E-004      1.671634E-002      2.552858E+001      1.791518E-002      1.137192E-003      1.166212E+001      7.957129E-004      1.908137E+000      3.442842E-004      1.598490E+000      3.578317E-006      1.497697E-002      5.110899E-004      3.520427E-001      4.751369E-002      1.758291E+001      3.665240E-003      3.891909E-001      2.128023E-005      2.720042E-004
  2.40000E+002  1.80921E+002  1.22698E+002  1.14280E+002  0.00000E+000  0.00000E+000        PISN      4.363178E+001      1.407971E-003      6.606488E+001      8.457025E-011      2.891976E-008      6.162248E+000      4.480995E-001      2.451027E+000      5.021137E-005      4.127321E+001      4.522970E-003      1.840080E-005      8.559781E-007      3.916696E+000      1.661799E-004      1.087577E-002      4.953148E-003      4.485802E+000      6.597389E-003      2.533174E-003      2.427544E-004      1.501530E-002      2.539263E+001      1.594332E-002      1.030318E-003      1.190285E+001      6.998533E-004      1.991486E+000      2.947302E-004      1.703100E+000      3.462891E-006      1.820486E-002      5.124381E-004      4.033021E-001      4.852040E-002      2.900911E+001      1.025761E-002      1.019364E+000      7.155113E-005      9.273759E-004
  2.50000E+002  1.86742E+002  1.31244E+002  1.21696E+002  1.86242E+002  1.86742E+002         DBH      3.811140E+001      1.433381E-003      2.506139E+001      6.847770E-011      8.039206E-011      1.662986E-002      2.893964E-004      3.049104E-002      2.611028E-006      1.543375E-002      3.254506E-006      1.646439E-005      5.487193E-007      5.118810E-003      4.655609E-006      2.054509E-004      1.294476E-003      2.292040E-003      8.262258E-005      1.732168E-004      1.838082E-005      5.945271E-004      3.039648E-003      0.000000E+000      0.000000E+000      1.406916E-003      0.000000E+000      3.044638E-004      0.000000E+000      2.786343E-004      0.000000E+000      1.521208E-005      0.000000E+000      7.381213E-005      0.000000E+000      5.611081E-003      0.000000E+000      3.167534E-004      0.000000E+000      7.900144E-006
  2.60000E+002  1.92648E+002  1.39811E+002  1.29159E+002  1.92148E+002  1.92648E+002         DBH      4.001359E+001      1.501905E-003      2.725932E+001      7.133503E-011      4.578743E-011      9.584328E-003      2.144511E-004      3.257450E-002      2.754438E-006      1.275004E-002      3.335340E-006      1.725350E-005      5.748699E-007      5.418183E-003      4.858816E-006      1.998353E-004      1.408424E-003      2.451686E-003      8.471308E-005      1.731356E-004      1.872203E-005      6.433992E-004      3.237696E-003      0.000000E+000      0.000000E+000      1.498056E-003      0.000000E+000      3.241870E-004      0.000000E+000      2.966842E-004      0.000000E+000      1.619752E-005      0.000000E+000      7.859367E-005      0.000000E+000      5.974567E-003      0.000000E+000      3.372726E-004      0.000000E+000      8.411914E-006
  2.70000E+002  1.97185E+002  1.52594E+002  1.37796E+002  1.96685E+002  1.97185E+002         DBH      4.255929E+001      1.528050E-003      3.018203E+001      7.445806E-011      1.759095E-011      3.712412E-003      1.733711E-004      3.583122E-002      2.861041E-006      8.155662E-003      3.374650E-006      1.755351E-005      5.847138E-007      5.829649E-003      4.979498E-006      1.973045E-004      1.546587E-003      2.666990E-003      8.392624E-005      1.790213E-004      1.978477E-005      7.047790E-004      3.502044E-003      0.000000E+000      0.000000E+000      1.619676E-003      0.000000E+000      3.505061E-004      0.000000E+000      3.207706E-004      0.000000E+000      1.751251E-005      0.000000E+000      8.497432E-005      0.000000E+000      6.459612E-003      0.000000E+000      3.646541E-004      0.000000E+000      9.094837E-006
  2.80000E+002  2.02055E+002  1.60479E+002  1.44910E+002  2.01555E+002  2.02055E+002         DBH      4.500470E+001      1.551588E-003      3.286217E+001      7.809634E-011      9.722641E-012      3.643557E-003      1.796922E-004      3.893092E-002      2.956532E-006      8.098895E-003      3.421219E-006      1.782536E-005      5.937663E-007      6.225991E-003      5.091519E-006      2.060301E-004      1.664801E-003      2.869850E-003      8.463576E-005      1.870460E-004      2.140162E-005      7.617530E-004      3.750267E-003      0.000000E+000      0.000000E+000      1.733880E-003      0.000000E+000      3.752204E-004      0.000000E+000      3.433883E-004      0.000000E+000      1.874733E-005      0.000000E+000      9.096589E-005      0.000000E+000      6.915083E-003      0.000000E+000      3.903661E-004      0.000000E+000      9.736118E-006
  2.90000E+002  2.06415E+002  1.68945E+002  1.52641E+002  2.05915E+002  2.06415E+002         DBH      4.748999E+001      1.570032E-003      3.601127E+001      8.234720E-011      2.978781E-012      3.722434E-003      1.938215E-004      4.238621E-002      3.051430E-006      8.206037E-003      3.475301E-006      1.803935E-005      6.008973E-007      6.664976E-003      5.194929E-006      2.163196E-004      1.785729E-003      3.098052E-003      8.542138E-005      1.967317E-004      2.332703E-005      8.234234E-004      4.023716E-003      0.000000E+000      0.000000E+000      1.859462E-003      0.000000E+000      4.023971E-004      0.000000E+000      3.682593E-004      0.000000E+000      2.010517E-005      0.000000E+000      9.755440E-005      0.000000E+000      7.415931E-003      0.000000E+000      4.186397E-004      0.000000E+000      1.044129E-005
  3.00000E+002  2.13812E+002  1.74650E+002  1.57773E+002  2.13312E+002  2.13812E+002         DBH      4.876481E+001      1.561229E-003      3.733647E+001      8.558043E-011      3.065058E-012      3.725057E-003      2.004160E-004      4.409239E-002      3.072471E-006      8.172336E-003      3.470446E-006      1.793950E-005      5.975741E-007      6.865141E-003      5.192534E-006      2.207890E-004      1.844245E-003      3.202418E-003      8.532873E-005      1.996964E-004      2.506687E-005      8.545636E-004      4.149686E-003      0.000000E+000      0.000000E+000      1.917392E-003      0.000000E+000      4.149334E-004      0.000000E+000      3.797321E-004      0.000000E+000      2.073153E-005      0.000000E+000      1.005936E-004      0.000000E+000      7.646968E-003      0.000000E+000      4.316820E-004      0.000000E+000      1.076658E-005
  3.50000E+002  2.51852E+002  1.97799E+002  1.81511E+002  2.51352E+002  2.51852E+002         DBH      5.466738E+001      1.531111E-003      4.337894E+001      1.040546E-010      8.331189E-012      5.574222E-003      2.390053E-004      5.185774E-002      3.181297E-006      9.874176E-003      3.476744E-006      1.760067E-005      5.863454E-007      7.780214E-003      5.200451E-006      2.475234E-004      2.113432E-003      3.681719E-003      8.716552E-005      2.095939E-004      3.533938E-005      1.002997E-003      4.728701E-003      0.000000E+000      0.000000E+000      2.183607E-003      0.000000E+000      4.725439E-004      0.000000E+000      4.324552E-004      0.000000E+000      2.360995E-005      0.000000E+000      1.145603E-004      0.000000E+000      8.708694E-003      0.000000E+000      4.916179E-004      0.000000E+000      1.226144E-005
  4.00000E+002  2.89492E+002  2.22665E+002  2.06177E+002  2.88992E+002  2.89492E+002         DBH      6.094739E+001      1.562647E-003      4.943154E+001      1.233738E-010      1.055296E-011      1.465327E-002      3.012584E-004      5.946472E-002      3.369093E-006      1.611428E-002      3.593619E-006      1.797093E-005      5.989019E-007      8.735091E-003      5.366902E-006      2.953948E-004      2.374793E-003      4.175982E-003      9.416216E-005      2.225372E-004      4.509248E-005      1.155605E-003      5.326820E-003      0.000000E+000      0.000000E+000      2.458685E-003      0.000000E+000      5.320721E-004      0.000000E+000      4.869332E-004      0.000000E+000      2.658419E-005      0.000000E+000      1.289919E-004      0.000000E+000      9.805762E-003      0.000000E+000      5.535490E-004      0.000000E+000      1.380606E-005
  4.50000E+002  3.26814E+002  2.47663E+002  2.30453E+002  3.26314E+002  3.26814E+002         DBH      6.732205E+001      1.623198E-003      5.569947E+001      1.437313E-010      1.157160E-011      3.003461E-002      3.774431E-004      6.706578E-002      3.595288E-006      2.489929E-002      3.776365E-006      1.867462E-005      6.227301E-007      9.716273E-003      5.605020E-006      3.630741E-004      2.631777E-003      4.686567E-003      1.050932E-004      2.357476E-004      5.514414E-005      1.313157E-003      5.940774E-003      0.000000E+000      0.000000E+000      2.740873E-003      0.000000E+000      5.931391E-004      0.000000E+000      5.428195E-004      0.000000E+000      2.963531E-005      0.000000E+000      1.437966E-004      0.000000E+000      1.093119E-002      0.000000E+000      6.170809E-004      0.000000E+000      1.539061E-005
  5.00000E+002  3.63471E+002  2.74313E+002  2.55440E+002  3.62971E+002  3.63471E+002         DBH      7.383034E+001      1.647651E-003      6.249601E+001      1.661252E-010      1.306264E-011      4.577816E-002      4.693548E-004      7.531762E-002      3.781556E-006      3.415715E-002      3.961557E-006      1.896139E-005      6.327161E-007      1.074681E-002      5.752751E-006      4.342887E-004      2.898129E-003      5.231572E-003      1.167257E-004      2.495521E-004      6.587083E-005      1.481076E-003      6.587557E-003      0.000000E+000      0.000000E+000      3.037870E-003      0.000000E+000      6.574108E-004      0.000000E+000      6.016386E-004      0.000000E+000      3.284655E-005      0.000000E+000      1.593782E-004      0.000000E+000      1.211568E-002      0.000000E+000      6.839468E-004      0.000000E+000      1.705831E-005
  5.50000E+002  4.03632E+002  2.97915E+002  2.78656E+002  4.03132E+002  4.03632E+002         DBH      7.941936E+001      1.701326E-003      6.670660E+001      1.861156E-010      1.811563E-011      6.577353E-002      7.042276E-004      8.122236E-002      3.952462E-006      4.399845E-002      4.299229E-006      1.958499E-005      6.540533E-007      1.152546E-002      5.950583E-006      5.132673E-004      3.080187E-003      5.618227E-003      1.302034E-004      2.628714E-004      7.554019E-005      1.604687E-003      7.062896E-003      0.000000E+000      0.000000E+000      3.256752E-003      0.000000E+000      7.047779E-004      0.000000E+000      6.449873E-004      0.000000E+000      3.521318E-005      0.000000E+000      1.708616E-004      0.000000E+000      1.298862E-002      0.000000E+000      7.332259E-004      0.000000E+000      1.828738E-005
  6.00000E+002  4.39781E+002  3.23543E+002  3.03970E+002  4.39281E+002  4.39781E+002         DBH      8.612477E+001      1.771079E-003      7.381414E+001      2.144289E-010      1.751975E-011      8.025723E-002      8.360660E-004      8.956638E-002      4.190691E-006      5.427879E-002      4.590285E-006      2.039543E-005      6.814730E-007      1.260056E-002      6.217300E-006      5.856915E-004      3.342518E-003      6.189001E-003      1.454041E-004      2.779351E-004      8.749885E-005      1.781094E-003      7.734816E-003      0.000000E+000      0.000000E+000      3.565070E-003      0.000000E+000      7.714995E-004      0.000000E+000      7.060486E-004      0.000000E+000      3.854682E-005      0.000000E+000      1.870371E-004      0.000000E+000      1.421826E-002      0.000000E+000      8.026407E-004      0.000000E+000      2.001866E-005
