# Initial composition Z = 0.001
# 0.00000E+000  0.00000E+000  0.00000E+000  0.00000E+000      7.489600E-001      2.262300E-005      2.499800E-001      2.720200E-009      1.084700E-011      1.798200E-004      2.179000E-006      4.851100E-005      1.193000E-007      4.399700E-004      1.775900E-007      9.922900E-007      3.305100E-008      9.341600E-005      2.351300E-007      7.555700E-006      2.355100E-006      3.452800E-005      4.553300E-006      5.213700E-006      0.000000E+000      3.816300E-006      4.774800E-005      2.236200E-006      4.281200E-007      2.221800E-005      5.372600E-007      4.808000E-006      2.414200E-007      4.400100E-006      3.187600E-009      2.402200E-007      2.440900E-008      1.165600E-006      6.463200E-007      8.860900E-005      2.349300E-007      5.002100E-006      4.939400E-008      1.247600E-007
# winds ejecta
           Min          Mfin          M_HE          M_CO                  H                HE3                HE4                LI7                BE7                C12                C13                N14                N15                O16                O17                O18                F19               NE20               NE21               NE22               NA23               MG24               MG25               MG26               AL26               AL27               SI28               SI29                  P                  S                 CL                 AR                  K                 CA                 SC                 TI                  V                 CR                 MN                 FE                 CO                 NI                 CU                 ZN
  1.40000E+001  1.39375E+001  4.94049E+000  2.83433E+000      4.594328E-002      3.447984E-006      1.651991E-002      4.660326E-011      2.103622E-016      7.608388E-006      3.372145E-007      8.709494E-006      4.154107E-009      2.563576E-005      2.515846E-008      4.568589E-008      1.914636E-009      5.772548E-006      1.734051E-008      4.260942E-007      2.724254E-007      2.159605E-006      2.654574E-007      3.315052E-007      4.398659E-011      2.533260E-007      2.986163E-006      0.000000E+000      0.000000E+000      1.389399E-006      0.000000E+000      3.006730E-007      0.000000E+000      2.751651E-007      0.000000E+000      1.502268E-008      0.000000E+000      7.289311E-008      0.000000E+000      5.541218E-006      0.000000E+000      3.128095E-007      0.000000E+000      7.801778E-009
  1.60000E+001  1.59154E+001  5.79909E+000  3.50852E+000      6.313982E-002      7.034100E-006      2.134342E-002      2.102260E-010      3.184544E-016      1.476921E-005      2.075245E-007      4.896406E-006      9.697781E-009      3.686254E-005      1.591932E-008      8.190730E-008      2.765294E-009      7.885573E-006      2.011093E-008      6.315461E-007      2.241614E-007      2.920351E-006      3.815344E-007      4.408811E-007      4.365440E-011      3.265016E-007      4.038434E-006      0.000000E+000      0.000000E+000      1.879084E-006      0.000000E+000      4.066435E-007      0.000000E+000      3.721455E-007      0.000000E+000      2.031733E-008      0.000000E+000      9.858386E-008      0.000000E+000      7.494189E-006      0.000000E+000      4.230575E-007      0.000000E+000      1.055147E-008
  1.80000E+001  1.78750E+001  6.70178E+000  4.19577E+000      9.335168E-002      1.048589E-005      3.151705E-002      2.967415E-010      4.704791E-016      2.200577E-005      2.984811E-007      6.971915E-006      1.448659E-008      5.456145E-005      2.276755E-008      1.218652E-007      4.092652E-009      1.165768E-005      2.952874E-008      9.357077E-007      3.261754E-007      4.316395E-006      5.647570E-007      6.509547E-007      6.507606E-011      4.823475E-007      5.968934E-006      0.000000E+000      0.000000E+000      2.777338E-006      0.000000E+000      6.010304E-007      0.000000E+000      5.500414E-007      0.000000E+000      3.002958E-008      0.000000E+000      1.457097E-007      0.000000E+000      1.107662E-005      0.000000E+000      6.252907E-007      0.000000E+000      1.559537E-008
  2.00000E+001  1.98242E+001  7.61648E+000  4.92903E+000      1.313486E-001      1.484982E-005      4.428978E-002      3.565344E-010      3.829760E-015      3.114492E-005      4.108651E-007      9.524292E-006      2.054168E-008      7.682241E-005      3.137509E-008      1.722762E-007      5.764741E-009      1.640117E-005      4.138953E-008      1.318483E-006      4.522508E-007      6.071409E-006      7.951863E-007      9.151691E-007      2.597024E-010      6.778559E-007      8.395814E-006      0.000000E+000      0.000000E+000      3.906555E-006      0.000000E+000      8.453988E-007      0.000000E+000      7.736786E-007      0.000000E+000      4.223908E-008      0.000000E+000      2.049527E-007      0.000000E+000      1.558018E-005      0.000000E+000      8.795230E-007      0.000000E+000      2.193617E-008
  2.20000E+001  2.17802E+001  8.50517E+000  5.72601E+000      1.643605E-001      1.873651E-005      5.524306E-002      3.992088E-010      1.747369E-015      3.923500E-005      4.939700E-007      1.142508E-005      2.596110E-008      9.623500E-005      3.894629E-008      2.166678E-007      7.223685E-009      2.051636E-005      5.157962E-008      1.652476E-006      5.502504E-007      7.591094E-006      9.960041E-007      1.144438E-006      5.925797E-010      8.452297E-007      1.049735E-005      0.000000E+000      0.000000E+000      4.884412E-006      0.000000E+000      1.057012E-006      0.000000E+000      9.673393E-007      0.000000E+000      5.281202E-008      0.000000E+000      2.562547E-007      0.000000E+000      1.948008E-005      0.000000E+000      1.099678E-006      0.000000E+000      2.742705E-008
  2.40000E+001  2.36954E+001  9.51921E+000  6.62161E+000      2.277631E-001      2.599082E-005      7.646439E-002      4.617394E-010      2.722552E-015      5.443557E-005      6.854811E-007      1.562021E-005      3.600073E-008      1.334454E-004      5.395896E-008      3.005968E-007      1.001979E-008      2.842708E-005      7.142365E-008      2.291718E-006      7.542101E-007      1.051629E-005      1.381073E-006      1.585495E-006      6.024613E-010      1.169790E-006      1.454245E-005      0.000000E+000      0.000000E+000      6.766605E-006      0.000000E+000      1.464328E-006      0.000000E+000      1.340101E-006      0.000000E+000      7.316297E-008      0.000000E+000      3.550017E-007      0.000000E+000      2.698667E-005      0.000000E+000      1.523435E-006      0.000000E+000      3.799599E-008
  2.60000E+001  2.56336E+001  1.06297E+001  7.57496E+000      2.739594E-001      3.117903E-005      9.208114E-002      5.048195E-010      5.390289E-015      6.535162E-005      8.394532E-007      1.902857E-005      4.316484E-008      1.604659E-004      6.500175E-008      3.611303E-007      1.204911E-008      3.419735E-005      8.590480E-008      2.755690E-006      9.155383E-007      1.265320E-005      1.660721E-006      1.906849E-006      6.026628E-010      1.409296E-006      1.749729E-005      0.000000E+000      0.000000E+000      8.141456E-006      0.000000E+000      1.761853E-006      0.000000E+000      1.612385E-006      0.000000E+000      8.802836E-008      0.000000E+000      4.271316E-007      0.000000E+000      3.246987E-005      0.000000E+000      1.832970E-006      0.000000E+000      4.571608E-008
  2.80000E+001  2.75718E+001  1.15645E+001  8.46390E+000      3.204719E-001      3.671637E-005      1.072167E-001      5.474858E-010      5.430481E-015      7.682496E-005      9.428715E-007      2.122855E-005      5.087375E-008      1.880593E-004      7.595545E-008      4.239820E-007      1.412382E-008      3.998304E-005      1.005230E-007      3.229854E-006      1.028914E-006      1.478359E-005      1.946260E-006      2.230351E-006      4.592309E-010      1.638651E-006      2.044379E-005      0.000000E+000      0.000000E+000      9.512576E-006      0.000000E+000      2.058571E-006      0.000000E+000      1.883930E-006      0.000000E+000      1.028534E-007      0.000000E+000      4.990658E-007      0.000000E+000      3.793819E-005      0.000000E+000      2.141664E-006      0.000000E+000      5.341522E-008
  3.00000E+001  2.94671E+001  1.26100E+001  9.43344E+000      3.990497E-001      4.577484E-005      1.332855E-001      5.751562E-010      3.674928E-015      9.575783E-005      1.169855E-006      2.601967E-005      6.341972E-008      2.343564E-004      9.462333E-008      5.284660E-007      1.760337E-008      4.977760E-005      1.252523E-007      4.024743E-006      1.262550E-006      1.840042E-005      2.425375E-006      2.777757E-006      1.108169E-010      2.035447E-006      2.544578E-005      0.000000E+000      0.000000E+000      1.184008E-005      0.000000E+000      2.562255E-006      0.000000E+000      2.344884E-006      0.000000E+000      1.280192E-007      0.000000E+000      6.211756E-007      0.000000E+000      4.722079E-005      0.000000E+000      2.665680E-006      0.000000E+000      6.648469E-008
  3.50000E+001  3.41498E+001  1.54179E+001  1.19613E+001      6.366746E-001      7.296646E-005      2.126299E-001      6.354342E-010      5.009415E-015      1.527500E-004      1.885052E-006      4.150657E-005      1.010077E-007      3.739171E-004      1.509908E-007      8.431041E-007      2.808732E-008      7.941749E-005      1.998503E-007      6.421430E-006      2.013223E-006      2.935658E-005      3.869694E-006      4.432047E-006      3.051461E-011      3.247069E-006      4.059699E-005      0.000000E+000      0.000000E+000      1.889004E-005      0.000000E+000      4.087903E-006      0.000000E+000      3.741102E-006      0.000000E+000      2.042459E-007      0.000000E+000      9.910432E-007      0.000000E+000      7.533754E-005      0.000000E+000      4.252909E-006      0.000000E+000      1.060718E-007
  4.00000E+001  3.87231E+001  1.81572E+001  1.45398E+001      9.563002E-001      1.097893E-004      3.192356E-001      6.305314E-010      7.755476E-015      2.295742E-004      2.788808E-006      6.202294E-005      1.521206E-007      5.617599E-004      2.267726E-007      1.266907E-006      4.219897E-008      1.192821E-004      3.002140E-007      9.647287E-006      3.010763E-006      4.408921E-005      5.813681E-006      6.657147E-006      5.115556E-012      4.873880E-006      6.097086E-005      0.000000E+000      0.000000E+000      2.837017E-005      0.000000E+000      6.139452E-006      0.000000E+000      5.618606E-006      0.000000E+000      3.067485E-007      0.000000E+000      1.488407E-006      0.000000E+000      1.131463E-004      0.000000E+000      6.387268E-006      0.000000E+000      1.593048E-007
  5.00000E+001  4.67091E+001  2.40912E+001  1.99772E+001      2.464034E+000      2.826114E-004      8.232897E-001      7.314296E-010      1.472729E-014      5.910715E-004      7.227661E-006      1.613569E-004      3.907617E-007      1.446791E-003      5.842775E-007      3.261662E-006      1.086819E-007      3.073698E-004      7.733212E-007      2.484678E-005      7.828211E-006      1.136289E-004      1.497284E-005      1.715084E-005      1.177817E-010      1.257711E-005      1.571354E-004      0.000000E+000      0.000000E+000      7.311596E-005      0.000000E+000      1.582267E-005      0.000000E+000      1.448034E-005      0.000000E+000      7.905561E-007      0.000000E+000      3.835940E-006      0.000000E+000      2.916021E-004      0.000000E+000      1.646135E-005      0.000000E+000      4.105623E-007
  6.00000E+001  5.21778E+001  3.02998E+001  2.57649E+001      5.751412E+000      6.286203E-004      2.062318E+000      8.676711E-010      2.717962E-014      1.324435E-003      1.741311E-005      6.029956E-004      8.601502E-007      3.296274E-003      1.377573E-006      7.295492E-006      2.443280E-007      7.237848E-004      1.749409E-006      5.680540E-005      2.860292E-005      2.706220E-004      3.412111E-005      3.966874E-005      2.572680E-008      3.234162E-005      3.736642E-004      0.000000E+000      0.000000E+000      1.738071E-004      0.000000E+000      3.761275E-005      0.000000E+000      3.442184E-005      0.000000E+000      1.879265E-006      0.000000E+000      9.118578E-006      0.000000E+000      6.931798E-004      0.000000E+000      3.913097E-005      0.000000E+000      9.759652E-007
  7.00000E+001  6.15883E+001  3.65556E+001  3.16913E+001      6.195875E+000      5.922141E-004      2.206814E+000      1.888464E-009      6.974025E-011      1.322027E-003      3.141885E-005      9.880229E-004      7.563238E-007      3.278154E-003      1.330782E-006      7.352067E-006      2.459482E-007      7.730278E-004      1.801795E-006      5.660228E-005      4.185200E-005      2.907300E-004      3.393041E-005      4.314200E-005      1.077996E-007      3.727279E-005      4.017703E-004      0.000000E+000      0.000000E+000      1.869038E-004      0.000000E+000      4.044695E-005      0.000000E+000      3.701559E-005      0.000000E+000      2.020872E-006      0.000000E+000      9.805685E-006      0.000000E+000      7.454123E-004      0.000000E+000      4.207958E-005      0.000000E+000      1.049506E-006
  8.00000E+001  6.93684E+001  3.05946E+001  2.76493E+001      5.821727E+000      4.008189E-004      4.689117E+000      1.895591E-009      9.711303E-008      8.981207E-002      1.833067E-003      6.189467E-003      5.760478E-007      1.870608E-002      3.054712E-006      5.017710E-006      1.701782E-007      8.848666E-004      1.377521E-006      2.869339E-004      1.714439E-004      3.767452E-004      3.265808E-005      3.563795E-005      2.617201E-006      8.408334E-005      5.116220E-004      0.000000E+000      0.000000E+000      2.365411E-004      0.000000E+000      5.118871E-005      0.000000E+000      4.684609E-005      0.000000E+000      2.557568E-006      0.000000E+000      1.240985E-005      0.000000E+000      9.433767E-004      0.000000E+000      5.325492E-005      0.000000E+000      1.328231E-006
  8.50000E+001  7.19705E+001  2.80617E+001  2.80612E+001      6.816137E+000      3.907604E-004      6.029475E+000      1.116588E-009      1.069619E-007      1.269374E-001      4.260577E-003      1.533046E-002      7.082762E-007      3.220845E-002      1.135581E-005      4.937997E-006      1.690156E-007      1.075868E-003      1.422564E-006      4.136256E-004      2.405425E-004      4.624315E-004      4.020073E-005      4.062315E-005      4.049611E-006      1.123154E-004      6.276298E-004      0.000000E+000      0.000000E+000      2.899263E-004      0.000000E+000      6.274156E-005      0.000000E+000      5.741881E-005      0.000000E+000      3.134787E-006      0.000000E+000      1.521063E-005      0.000000E+000      1.156288E-003      0.000000E+000      6.527409E-005      0.000000E+000      1.628000E-006
  9.00000E+001  7.49179E+001  2.91307E+001  2.91285E+001      7.885592E+000      5.272655E-004      6.936924E+000      1.648195E-009      2.051598E-007      1.923045E-001      5.715230E-003      1.645628E-002      8.759579E-007      3.890174E-002      1.221536E-005      6.452762E-006      2.218391E-007      1.255593E-003      1.774030E-006      6.791161E-004      2.474251E-004      5.307995E-004      5.578701E-005      4.865450E-005      6.153583E-006      1.258241E-004      7.267918E-004      0.000000E+000      0.000000E+000      3.356034E-004      0.000000E+000      7.262629E-005      0.000000E+000      6.646498E-005      0.000000E+000      3.628664E-006      0.000000E+000      1.760702E-005      0.000000E+000      1.338458E-003      0.000000E+000      7.555782E-005      0.000000E+000      1.884488E-006
  9.50000E+001  7.70642E+001  3.08723E+001  3.08701E+001      9.153664E+000      6.007072E-004      8.447390E+000      1.693263E-009      2.488665E-007      2.613406E-001      5.615134E-003      1.417824E-002      9.464162E-007      4.622334E-002      8.232149E-006      7.252797E-006      2.502661E-007      1.478345E-003      2.002712E-006      9.255377E-004      2.987209E-004      6.296249E-004      6.776094E-005      5.613430E-005      8.752082E-006      1.536501E-004      8.649584E-004      0.000000E+000      0.000000E+000      3.991541E-004      0.000000E+000      8.637901E-005      0.000000E+000      7.905095E-005      0.000000E+000      4.315797E-006      0.000000E+000      2.094113E-005      0.000000E+000      1.591912E-003      0.000000E+000      8.986566E-005      0.000000E+000      2.241339E-006
  1.00000E+002  7.50803E+001  3.45670E+001  3.45642E+001      1.219493E+001      6.040810E-004      1.226975E+001      7.334833E-010      9.982660E-008      3.637193E-001      2.959871E-003      1.289016E-002      9.840437E-007      6.554792E-002      3.285033E-006      7.246624E-006      2.509944E-007      1.995657E-003      2.186003E-006      1.103469E-003      5.036901E-004      8.834767E-004      7.671931E-005      6.755395E-005      1.230888E-005      2.369936E-004      1.202718E-003      0.000000E+000      0.000000E+000      5.546871E-004      0.000000E+000      1.200372E-004      0.000000E+000      1.098537E-004      0.000000E+000      5.997477E-006      0.000000E+000      2.910099E-005      0.000000E+000      2.212211E-003      0.000000E+000      1.248824E-004      0.000000E+000      3.114691E-006
  1.10000E+002  7.86270E+001  4.10194E+001  4.10166E+001      1.574068E+001      9.980552E-004      1.494157E+001      1.182320E-009      1.636716E-007      5.596975E-001      1.981140E-003      1.244179E-002      1.486417E-006      1.036523E-001      2.622533E-006      1.176841E-005      4.060735E-007      2.566165E-003      3.265219E-006      1.650695E-003      5.341645E-004      1.105557E-003      1.204643E-004      9.621095E-005      1.820102E-005      2.786725E-004      1.514185E-003      0.000000E+000      0.000000E+000      6.982718E-004      0.000000E+000      1.511096E-004      0.000000E+000      1.382901E-004      0.000000E+000      7.549966E-006      0.000000E+000      3.663398E-005      0.000000E+000      2.784857E-003      0.000000E+000      1.572091E-004      0.000000E+000      3.920951E-006
  1.20000E+002  8.93327E+001  4.89554E+001  4.60267E+001      1.653161E+001      1.096602E-003      1.378843E+001      7.183642E-010      7.021161E-008      2.737868E-001      8.719920E-004      1.189241E-002      1.658474E-006      4.866845E-002      2.775933E-006      1.280346E-005      4.336840E-007      2.536588E-003      3.461120E-006      9.102858E-004      4.986529E-004      1.090380E-003      9.773923E-005      9.917260E-005      1.390221E-005      2.578031E-004      1.477697E-003      0.000000E+000      0.000000E+000      6.823797E-004      0.000000E+000      1.476705E-004      0.000000E+000      1.351427E-004      0.000000E+000      7.378135E-006      0.000000E+000      3.580022E-005      0.000000E+000      2.721476E-003      0.000000E+000      1.536311E-004      0.000000E+000      3.831713E-006
  1.30000E+002  9.94577E+001  5.44695E+001  5.11350E+001      1.753823E+001      1.172626E-003      1.283488E+001      3.304102E-010      2.913265E-008      1.189984E-001      7.215038E-004      1.177573E-002      1.787931E-006      2.605171E-002      3.128872E-006      1.362860E-005      4.570997E-007      2.555904E-003      3.636784E-006      4.660021E-004      4.741019E-004      1.092107E-003      8.346161E-005      1.059122E-004      1.010403E-005      2.429177E-004      1.469342E-003      0.000000E+000      0.000000E+000      6.794249E-004      0.000000E+000      1.470311E-004      0.000000E+000      1.345575E-004      0.000000E+000      7.346188E-006      0.000000E+000      3.564520E-005      0.000000E+000      2.709692E-003      0.000000E+000      1.529659E-004      0.000000E+000      3.815122E-006
  1.40000E+002  1.09358E+002  5.95678E+001  5.61747E+001      1.844545E+001      1.241288E-003      1.209687E+001      1.560547E-010      1.161132E-008      5.702710E-002      8.612666E-004      1.170044E-002      1.900574E-006      1.886597E-002      3.536542E-006      1.438668E-005      4.806175E-007      2.590414E-003      3.797366E-006      2.790235E-004      4.537553E-004      1.096982E-003      7.734687E-005      1.127875E-004      7.685625E-006      2.328392E-004      1.472312E-003      0.000000E+000      0.000000E+000      6.815143E-004      0.000000E+000      1.474832E-004      0.000000E+000      1.349713E-004      0.000000E+000      7.368778E-006      0.000000E+000      3.575482E-005      0.000000E+000      2.718025E-003      0.000000E+000      1.534363E-004      0.000000E+000      3.826854E-006
  1.50000E+002  1.17754E+002  6.45860E+001  6.09179E+001      1.978896E+001      1.268767E-003      1.236244E+001      7.631659E-011      4.284685E-009      5.008736E-002      9.913578E-004      1.256844E-002      1.975248E-006      1.898077E-002      3.712069E-006      1.466257E-005      4.895914E-007      2.733087E-003      3.882660E-006      2.594018E-004      4.771587E-004      1.153442E-003      7.784258E-005      1.215849E-004      7.710081E-006      2.438085E-004      1.548596E-003      0.000000E+000      0.000000E+000      7.171239E-004      0.000000E+000      1.551893E-004      0.000000E+000      1.420237E-004      0.000000E+000      7.753801E-006      0.000000E+000      3.762304E-005      0.000000E+000      2.860044E-003      0.000000E+000      1.614534E-004      0.000000E+000      4.026810E-006
  1.60000E+002  1.26819E+002  6.91344E+001  6.54049E+001      2.079805E+001      1.284918E-003      1.228073E+001      5.425932E-011      1.915181E-009      5.442739E-002      1.270908E-003      1.338369E-002      2.024188E-006      2.120435E-002      4.262072E-006      1.482487E-005      4.950945E-007      2.819052E-003      3.932908E-006      2.712275E-004      4.918230E-004      1.182797E-003      7.869193E-005      1.275025E-004      7.750112E-006      2.504433E-004      1.592587E-003      0.000000E+000      0.000000E+000      7.378566E-004      0.000000E+000      1.596760E-004      0.000000E+000      1.461297E-004      0.000000E+000      7.977970E-006      0.000000E+000      3.871075E-005      0.000000E+000      2.942730E-003      0.000000E+000      1.661212E-004      0.000000E+000      4.143228E-006
  1.70000E+002  1.35485E+002  7.23592E+001  6.91409E+001      2.184615E+001      1.304820E-003      1.255586E+001      5.202641E-011      1.214355E-009      5.913720E-002      1.779025E-003      1.450729E-002      2.080459E-006      2.455925E-002      5.092328E-006      1.503712E-005      5.022850E-007      2.933931E-003      3.989936E-006      2.867853E-004      5.152174E-004      1.228171E-003      8.161606E-005      1.331324E-004      8.386937E-006      2.620297E-004      1.656170E-003      0.000000E+000      0.000000E+000      7.674730E-004      0.000000E+000      1.660851E-004      0.000000E+000      1.519952E-004      0.000000E+000      8.298196E-006      0.000000E+000      4.026455E-005      0.000000E+000      3.060847E-003      0.000000E+000      1.727891E-004      0.000000E+000      4.309530E-006
  1.80000E+002  1.42941E+002  7.84877E+001  7.48731E+001      2.347785E+001      1.316043E-003      1.346684E+001      4.937202E-011      6.299764E-010      5.851030E-002      1.566669E-003      1.582056E-002      2.128064E-006      2.446047E-002      4.678372E-006      1.515312E-005      5.061249E-007      3.135674E-003      4.055188E-006      2.875269E-004      5.772347E-004      1.318805E-003      8.242132E-005      1.398736E-004      9.479029E-006      2.890264E-004      1.778189E-003      0.000000E+000      0.000000E+000      8.240364E-004      0.000000E+000      1.783257E-004      0.000000E+000      1.631973E-004      0.000000E+000      8.909778E-006      0.000000E+000      4.323207E-005      0.000000E+000      3.286434E-003      0.000000E+000      1.855238E-004      0.000000E+000      4.627147E-006
  1.90000E+002  1.50818E+002  8.30617E+001  7.97575E+001      2.481919E+001      1.323116E-003      1.423923E+001      5.179162E-011      5.050996E-010      6.298672E-002      1.833111E-003      1.747650E-002      2.172306E-006      2.681741E-002      5.377785E-006      1.522702E-005      5.087272E-007      3.305765E-003      4.099209E-006      3.044703E-004      6.262338E-004      1.394785E-003      8.456763E-005      1.457408E-004      1.066338E-005      3.113512E-004      1.880111E-003      0.000000E+000      0.000000E+000      8.712655E-004      0.000000E+000      1.885508E-004      0.000000E+000      1.725539E-004      0.000000E+000      9.420363E-006      0.000000E+000      4.570923E-005      0.000000E+000      3.474816E-003      0.000000E+000      1.961486E-004      0.000000E+000      4.892346E-006
  2.00000E+002  1.57605E+002  8.97469E+001  8.59177E+001      2.669107E+001      1.331337E-003      1.557887E+001      5.411198E-011      3.904505E-010      6.066023E-002      1.607957E-003      1.925154E-002      2.222920E-006      2.777271E-002      5.060901E-006      1.531338E-005      5.115016E-007      3.553869E-003      4.164662E-006      2.966198E-004      7.106142E-004      1.512443E-003      8.548534E-005      1.520202E-004      1.186801E-005      3.472421E-004      2.034634E-003      0.000000E+000      0.000000E+000      9.427134E-004      0.000000E+000      2.040084E-004      0.000000E+000      1.867008E-004      0.000000E+000      1.019296E-005      0.000000E+000      4.945841E-005      0.000000E+000      3.759750E-003      0.000000E+000      2.122429E-004      0.000000E+000      5.293544E-006
  2.10000E+002  1.64451E+002  9.79759E+001  9.32521E+001      2.859327E+001      1.326115E-003      1.684207E+001      5.649097E-011      3.130660E-010      5.043675E-002      1.140719E-003      2.078662E-002      2.251067E-006      2.524488E-002      4.247096E-006      1.524533E-005      5.089537E-007      3.793123E-003      4.187234E-006      2.687498E-004      7.998337E-004      1.627808E-003      8.397059E-005      1.567373E-004      1.296379E-005      3.840493E-004      2.186174E-003      0.000000E+000      0.000000E+000      1.012875E-003      0.000000E+000      2.191930E-004      0.000000E+000      2.005970E-004      0.000000E+000      1.095159E-005      0.000000E+000      5.313926E-005      0.000000E+000      4.039575E-003      0.000000E+000      2.280378E-004      0.000000E+000      5.687546E-006
  2.20000E+002  1.70262E+002  1.04707E+002  9.89786E+001      3.089627E+001      1.404724E-003      1.871988E+001      5.930137E-011      2.608055E-010      5.359732E-002      1.032049E-003      2.275097E-002      2.402907E-006      2.665311E-002      4.093856E-006      1.615003E-005      5.391422E-007      4.112113E-003      4.430841E-006      2.847476E-004      9.068062E-004      1.782457E-003      8.807017E-005      1.624532E-004      1.436970E-005      4.306672E-004      2.388090E-003      0.000000E+000      0.000000E+000      1.106167E-003      0.000000E+000      2.393207E-004      0.000000E+000      2.190595E-004      0.000000E+000      1.196000E-005      0.000000E+000      5.802812E-005      0.000000E+000      4.411545E-003      0.000000E+000      2.490262E-004      0.000000E+000      6.210136E-006
  2.30000E+002  1.75573E+002  1.13162E+002  1.06357E+002      3.342270E+001      1.398298E-003      2.089296E+001      6.215856E-011      1.774727E-010      4.188863E-002      6.929185E-004      2.546055E-002      2.453554E-006      2.372869E-002      3.690165E-006      1.606755E-005      5.360885E-007      4.463781E-003      4.470676E-006      2.558324E-004      1.040705E-003      1.957885E-003      8.597473E-005      1.683584E-004      1.595379E-005      4.863065E-004      2.613910E-003      0.000000E+000      0.000000E+000      1.210405E-003      0.000000E+000      2.619376E-004      0.000000E+000      2.397164E-004      0.000000E+000      1.308734E-005      0.000000E+000      6.350244E-005      0.000000E+000      4.827356E-003      0.000000E+000      2.725106E-004      0.000000E+000      6.796700E-006
  2.40000E+002  1.80921E+002  1.22698E+002  1.14280E+002      3.587580E+001      1.407215E-003      2.310572E+001      6.496178E-011      1.093403E-010      2.821240E-002      4.091375E-004      2.811369E-002      2.522741E-006      1.928746E-002      3.359736E-006      1.616516E-005      5.390131E-007      4.808926E-003      4.546512E-006      2.266448E-004      1.175132E-003      2.133734E-003      8.376881E-005      1.713866E-004      1.718686E-005      5.431794E-004      2.838181E-003      0.000000E+000      0.000000E+000      1.313916E-003      0.000000E+000      2.843382E-004      0.000000E+000      2.602160E-004      0.000000E+000      1.420653E-005      0.000000E+000      6.893300E-005      0.000000E+000      5.240177E-003      0.000000E+000      2.958153E-004      0.000000E+000      7.377928E-006
  2.50000E+002  1.86742E+002  1.31244E+002  1.21696E+002      3.811140E+001      1.433381E-003      2.506139E+001      6.847770E-011      8.039206E-011      1.662986E-002      2.893964E-004      3.049104E-002      2.611028E-006      1.543375E-002      3.254506E-006      1.646439E-005      5.487193E-007      5.118810E-003      4.655609E-006      2.054509E-004      1.294476E-003      2.292040E-003      8.262258E-005      1.732168E-004      1.838082E-005      5.945271E-004      3.039648E-003      0.000000E+000      0.000000E+000      1.406916E-003      0.000000E+000      3.044638E-004      0.000000E+000      2.786343E-004      0.000000E+000      1.521208E-005      0.000000E+000      7.381213E-005      0.000000E+000      5.611081E-003      0.000000E+000      3.167534E-004      0.000000E+000      7.900144E-006
  2.60000E+002  1.92648E+002  1.39811E+002  1.29159E+002      4.001359E+001      1.501905E-003      2.725932E+001      7.133503E-011      4.578743E-011      9.584328E-003      2.144511E-004      3.257450E-002      2.754438E-006      1.275004E-002      3.335340E-006      1.725350E-005      5.748699E-007      5.418183E-003      4.858816E-006      1.998353E-004      1.408424E-003      2.451686E-003      8.471308E-005      1.731356E-004      1.872203E-005      6.433992E-004      3.237696E-003      0.000000E+000      0.000000E+000      1.498056E-003      0.000000E+000      3.241870E-004      0.000000E+000      2.966842E-004      0.000000E+000      1.619752E-005      0.000000E+000      7.859367E-005      0.000000E+000      5.974567E-003      0.000000E+000      3.372726E-004      0.000000E+000      8.411914E-006
  2.70000E+002  1.97185E+002  1.52594E+002  1.37796E+002      4.255929E+001      1.528050E-003      3.018203E+001      7.445806E-011      1.759095E-011      3.712412E-003      1.733711E-004      3.583122E-002      2.861041E-006      8.155662E-003      3.374650E-006      1.755351E-005      5.847138E-007      5.829649E-003      4.979498E-006      1.973045E-004      1.546587E-003      2.666990E-003      8.392624E-005      1.790213E-004      1.978477E-005      7.047790E-004      3.502044E-003      0.000000E+000      0.000000E+000      1.619676E-003      0.000000E+000      3.505061E-004      0.000000E+000      3.207706E-004      0.000000E+000      1.751251E-005      0.000000E+000      8.497432E-005      0.000000E+000      6.459612E-003      0.000000E+000      3.646541E-004      0.000000E+000      9.094837E-006
  2.80000E+002  2.02055E+002  1.60479E+002  1.44910E+002      4.500470E+001      1.551588E-003      3.286217E+001      7.809634E-011      9.722641E-012      3.643557E-003      1.796922E-004      3.893092E-002      2.956532E-006      8.098895E-003      3.421219E-006      1.782536E-005      5.937663E-007      6.225991E-003      5.091519E-006      2.060301E-004      1.664801E-003      2.869850E-003      8.463576E-005      1.870460E-004      2.140162E-005      7.617530E-004      3.750267E-003      0.000000E+000      0.000000E+000      1.733880E-003      0.000000E+000      3.752204E-004      0.000000E+000      3.433883E-004      0.000000E+000      1.874733E-005      0.000000E+000      9.096589E-005      0.000000E+000      6.915083E-003      0.000000E+000      3.903661E-004      0.000000E+000      9.736118E-006
  2.90000E+002  2.06415E+002  1.68945E+002  1.52641E+002      4.748999E+001      1.570032E-003      3.601127E+001      8.234720E-011      2.978781E-012      3.722434E-003      1.938215E-004      4.238621E-002      3.051430E-006      8.206037E-003      3.475301E-006      1.803935E-005      6.008973E-007      6.664976E-003      5.194929E-006      2.163196E-004      1.785729E-003      3.098052E-003      8.542138E-005      1.967317E-004      2.332703E-005      8.234234E-004      4.023716E-003      0.000000E+000      0.000000E+000      1.859462E-003      0.000000E+000      4.023971E-004      0.000000E+000      3.682593E-004      0.000000E+000      2.010517E-005      0.000000E+000      9.755440E-005      0.000000E+000      7.415931E-003      0.000000E+000      4.186397E-004      0.000000E+000      1.044129E-005
  3.00000E+002  2.13812E+002  1.74650E+002  1.57773E+002      4.876481E+001      1.561229E-003      3.733647E+001      8.558043E-011      3.065058E-012      3.725057E-003      2.004160E-004      4.409239E-002      3.072471E-006      8.172336E-003      3.470446E-006      1.793950E-005      5.975741E-007      6.865141E-003      5.192534E-006      2.207890E-004      1.844245E-003      3.202418E-003      8.532873E-005      1.996964E-004      2.506687E-005      8.545636E-004      4.149686E-003      0.000000E+000      0.000000E+000      1.917392E-003      0.000000E+000      4.149334E-004      0.000000E+000      3.797321E-004      0.000000E+000      2.073153E-005      0.000000E+000      1.005936E-004      0.000000E+000      7.646968E-003      0.000000E+000      4.316820E-004      0.000000E+000      1.076658E-005
  3.50000E+002  2.51852E+002  1.97799E+002  1.81511E+002      5.466738E+001      1.531111E-003      4.337894E+001      1.040546E-010      8.331189E-012      5.574222E-003      2.390053E-004      5.185774E-002      3.181297E-006      9.874176E-003      3.476744E-006      1.760067E-005      5.863454E-007      7.780214E-003      5.200451E-006      2.475234E-004      2.113432E-003      3.681719E-003      8.716552E-005      2.095939E-004      3.533938E-005      1.002997E-003      4.728701E-003      0.000000E+000      0.000000E+000      2.183607E-003      0.000000E+000      4.725439E-004      0.000000E+000      4.324552E-004      0.000000E+000      2.360995E-005      0.000000E+000      1.145603E-004      0.000000E+000      8.708694E-003      0.000000E+000      4.916179E-004      0.000000E+000      1.226144E-005
  4.00000E+002  2.89492E+002  2.22665E+002  2.06177E+002      6.094739E+001      1.562647E-003      4.943154E+001      1.233738E-010      1.055296E-011      1.465327E-002      3.012584E-004      5.946472E-002      3.369093E-006      1.611428E-002      3.593619E-006      1.797093E-005      5.989019E-007      8.735091E-003      5.366902E-006      2.953948E-004      2.374793E-003      4.175982E-003      9.416216E-005      2.225372E-004      4.509248E-005      1.155605E-003      5.326820E-003      0.000000E+000      0.000000E+000      2.458685E-003      0.000000E+000      5.320721E-004      0.000000E+000      4.869332E-004      0.000000E+000      2.658419E-005      0.000000E+000      1.289919E-004      0.000000E+000      9.805762E-003      0.000000E+000      5.535490E-004      0.000000E+000      1.380606E-005
  4.50000E+002  3.26814E+002  2.47663E+002  2.30453E+002      6.732205E+001      1.623198E-003      5.569947E+001      1.437313E-010      1.157160E-011      3.003461E-002      3.774431E-004      6.706578E-002      3.595288E-006      2.489929E-002      3.776365E-006      1.867462E-005      6.227301E-007      9.716273E-003      5.605020E-006      3.630741E-004      2.631777E-003      4.686567E-003      1.050932E-004      2.357476E-004      5.514414E-005      1.313157E-003      5.940774E-003      0.000000E+000      0.000000E+000      2.740873E-003      0.000000E+000      5.931391E-004      0.000000E+000      5.428195E-004      0.000000E+000      2.963531E-005      0.000000E+000      1.437966E-004      0.000000E+000      1.093119E-002      0.000000E+000      6.170809E-004      0.000000E+000      1.539061E-005
  5.00000E+002  3.63471E+002  2.74313E+002  2.55440E+002      7.383034E+001      1.647651E-003      6.249601E+001      1.661252E-010      1.306264E-011      4.577816E-002      4.693548E-004      7.531762E-002      3.781556E-006      3.415715E-002      3.961557E-006      1.896139E-005      6.327161E-007      1.074681E-002      5.752751E-006      4.342887E-004      2.898129E-003      5.231572E-003      1.167257E-004      2.495521E-004      6.587083E-005      1.481076E-003      6.587557E-003      0.000000E+000      0.000000E+000      3.037870E-003      0.000000E+000      6.574108E-004      0.000000E+000      6.016386E-004      0.000000E+000      3.284655E-005      0.000000E+000      1.593782E-004      0.000000E+000      1.211568E-002      0.000000E+000      6.839468E-004      0.000000E+000      1.705831E-005
  5.50000E+002  4.03632E+002  2.97915E+002  2.78656E+002      7.941936E+001      1.701326E-003      6.670660E+001      1.861156E-010      1.811563E-011      6.577353E-002      7.042276E-004      8.122236E-002      3.952462E-006      4.399845E-002      4.299229E-006      1.958499E-005      6.540533E-007      1.152546E-002      5.950583E-006      5.132673E-004      3.080187E-003      5.618227E-003      1.302034E-004      2.628714E-004      7.554019E-005      1.604687E-003      7.062896E-003      0.000000E+000      0.000000E+000      3.256752E-003      0.000000E+000      7.047779E-004      0.000000E+000      6.449873E-004      0.000000E+000      3.521318E-005      0.000000E+000      1.708616E-004      0.000000E+000      1.298862E-002      0.000000E+000      7.332259E-004      0.000000E+000      1.828738E-005
  6.00000E+002  4.39781E+002  3.23543E+002  3.03970E+002      8.612477E+001      1.771079E-003      7.381414E+001      2.144289E-010      1.751975E-011      8.025723E-002      8.360660E-004      8.956638E-002      4.190691E-006      5.427879E-002      4.590285E-006      2.039543E-005      6.814730E-007      1.260056E-002      6.217300E-006      5.856915E-004      3.342518E-003      6.189001E-003      1.454041E-004      2.779351E-004      8.749885E-005      1.781094E-003      7.734816E-003      0.000000E+000      0.000000E+000      3.565070E-003      0.000000E+000      7.714995E-004      0.000000E+000      7.060486E-004      0.000000E+000      3.854682E-005      0.000000E+000      1.870371E-004      0.000000E+000      1.421826E-002      0.000000E+000      8.026407E-004      0.000000E+000      2.001866E-005
