# Initial composition Z = 0.0001
# 0.00000E+000  0.00000E+000  0.00000E+000  0.00000E+000  0.00000E+000  0.00000E+000          SN      7.511600E-001      2.250600E-005      2.486800E-001      2.720200E-009      1.084700E-012      1.798200E-005      2.179000E-007      4.851100E-006      1.193000E-008      4.399700E-005      1.775900E-008      9.922900E-008      3.305100E-009      9.341600E-006      2.351300E-008      7.555700E-007      2.355100E-007      3.452800E-006      4.553300E-007      5.213700E-007      0.000000E+000      3.816300E-007      4.774800E-006      2.236200E-007      4.281200E-008      2.221800E-006      5.372600E-008      4.808000E-007      2.414200E-008      4.400100E-007      3.187600E-010      2.402200E-008      2.440900E-009      1.165600E-007      6.463200E-008      8.860900E-006      2.349300E-008      5.002100E-007      4.939400E-009      1.247600E-008
# total ejecta
           Min          Mfin          M_HE          M_CO          Mrem          Mbar         SNT                  H                HE3                HE4                LI7                BE7                C12                C13                N14                N15                O16                O17                O18                F19               NE20               NE21               NE22               NA23               MG24               MG25               MG26               AL26               AL27               SI28               SI29                  P                  S                 CL                 AR                  K                 CA                 SC                 TI                  V                 CR                 MN                 FE                 CO                 NI                 CU                 ZN
  1.40000E+001  1.39961E+001  4.91386E+000  2.83685E+000  1.49276E+000  1.65989E+000        CCSN      6.479349E+000      2.643370E-004      4.567280E+000      7.553738E-011      2.234651E-015      2.076842E-001      4.645948E-006      3.309856E-004      3.744908E-008      6.208096E-001      1.761715E-006      6.369996E-006      2.534266E-008      1.216886E-001      1.020588E-005      1.003028E-004      4.785019E-004      7.463685E-002      2.545811E-004      3.988367E-004      7.227467E-008      9.821875E-004      1.133512E-001      6.673592E-004      0.000000E+000      4.874219E-002      5.382704E-005      8.907712E-003      1.875428E-005      7.520672E-003      7.034063E-008      1.521922E-004      8.266900E-006      1.732337E-003      3.956876E-004      7.858471E-002      2.020257E-005      1.961240E-003      1.312749E-005      5.153661E-005
  1.60000E+001  1.59939E+001  5.73999E+000  3.53216E+000  1.45494E+000  1.61371E+000        CCSN      7.255964E+000      2.804410E-004      5.042726E+000      2.153271E-011      8.881339E-015      2.680138E-001      5.070789E-006      3.360741E-004      4.198333E-008      1.073036E+000      2.087502E-006      6.596521E-006      3.677647E-008      3.408748E-001      2.194099E-005      1.699658E-004      1.286589E-003      1.313929E-001      4.936044E-004      8.569644E-004      1.403023E-007      2.171500E-003      1.120069E-001      7.037987E-004      0.000000E+000      4.633933E-002      4.330243E-005      8.647372E-003      1.735562E-005      7.546803E-003      6.971699E-008      1.524005E-004      1.034521E-005      1.713811E-003      4.804975E-004      7.966858E-002      5.222229E-005      2.526572E-003      6.797600E-006      3.818765E-005
  1.80000E+001  1.79905E+001  6.60100E+000  4.19472E+000  1.45684E+000  1.61602E+000        CCSN      7.616083E+000      2.921145E-004      5.999927E+000      3.705363E-011      1.123316E-012      3.165441E-001      5.843787E-006      4.067485E-004      4.855027E-008      1.486781E+000      1.491929E-006      5.842924E-006      4.190295E-008      5.101923E-001      3.220425E-005      2.029565E-004      1.969727E-003      1.670899E-001      6.202947E-004      1.099551E-003      2.432544E-007      2.859193E-003      1.174907E-001      7.045603E-004      0.000000E+000      4.864819E-002      3.711696E-005      9.255740E-003      1.613806E-005      8.187459E-003      7.438450E-008      1.436921E-004      1.168433E-005      1.769879E-003      5.349799E-004      8.046281E-002      6.222512E-005      2.993640E-003      7.755424E-006      4.120633E-005
  2.00000E+001  1.99864E+001  7.56001E+000  4.98020E+000  1.57078E+000  1.75584E+000        CCSN      8.375657E+000      2.960502E-004      6.437491E+000      3.712233E-011      4.781759E-012      4.148430E-001      6.251493E-006      4.661722E-004      6.741386E-008      1.933568E+000      1.999961E-006      4.196483E-006      4.930165E-008      5.939195E-001      4.174823E-005      2.329830E-004      2.516352E-003      1.550024E-001      4.724323E-004      8.142472E-004      3.207951E-007      2.352935E-003      1.249729E-001      6.049399E-004      0.000000E+000      5.359197E-002      4.275859E-005      1.028522E-002      1.951318E-005      8.995464E-003      9.346424E-008      1.679493E-004      7.422780E-006      1.795193E-003      3.684617E-004      1.085647E-001      1.405546E-005      2.962276E-003      3.184677E-005      1.222793E-004
  2.20000E+001  2.19814E+001  8.49070E+000  5.79603E+000  1.68196E+000  1.89413E+000        CCSN      8.750057E+000      3.285401E-004      7.195218E+000      1.232606E-010      1.230800E-011      5.427255E-001      6.985703E-006      5.013287E-004      8.919556E-008      2.406937E+000      1.939010E-006      3.068603E-006      6.226153E-008      6.843971E-001      5.182314E-005      3.061419E-004      3.083593E-003      1.446194E-001      3.288424E-004      5.383023E-004      4.271263E-007      1.875978E-003      1.709710E-001      5.096709E-004      0.000000E+000      8.247124E-002      4.966425E-005      1.631446E-002      2.587080E-005      1.420095E-002      1.304047E-007      1.719656E-004      1.295815E-005      3.027780E-003      6.446600E-004      7.834984E-002      7.944003E-006      5.647626E-004      9.100830E-007      2.547643E-006
  2.40000E+001  2.39754E+001  9.46471E+000  6.66978E+000  1.67402E+000  1.88420E+000        CCSN      9.376353E+000      3.407660E-004      7.679437E+000      1.391926E-010      4.074792E-011      5.482095E-001      7.737702E-006      5.902563E-004      8.255757E-008      3.059821E+000      1.748633E-006      2.077371E-006      5.853277E-008      8.616252E-001      6.593988E-005      2.873356E-004      3.758129E-003      1.831096E-001      4.054195E-004      7.173662E-004      5.133945E-007      2.450499E-003      1.700213E-001      6.191763E-004      0.000000E+000      7.870967E-002      4.854792E-005      1.552151E-002      2.223363E-005      1.391531E-002      1.233920E-007      1.618570E-004      1.031339E-005      2.819898E-003      5.438085E-004      7.768684E-002      8.930615E-006      6.245331E-004      2.001506E-006      5.538305E-006
  2.60000E+001  2.59692E+001  1.05385E+001  7.61930E+000  2.54692E+001  2.59692E+001         FSN      2.317105E-002      2.649618E-006      7.671200E-003      8.377228E-011      2.017595E-017      5.546936E-007      6.721714E-009      1.496482E-007      3.680152E-010      1.357220E-006      5.478386E-010      3.061026E-009      1.019571E-010      2.881682E-007      7.253262E-010      2.330789E-008      7.264990E-009      1.065108E-007      1.404592E-008      1.608314E-008      0.000000E+000      1.177245E-008      1.472937E-007      0.000000E+000      0.000000E+000      6.853685E-008      0.000000E+000      1.483173E-008      0.000000E+000      1.357346E-008      0.000000E+000      7.410451E-010      0.000000E+000      3.595703E-009      0.000000E+000      2.733396E-007      0.000000E+000      1.543041E-008      0.000000E+000      3.848496E-010
  2.80000E+001  2.79618E+001  1.16058E+001  8.61405E+000  2.74618E+001  2.79618E+001         FSN      2.872100E-002      3.284216E-006      9.508612E-003      1.038377E-010      2.774248E-017      6.875544E-007      8.331705E-009      1.854921E-007      4.561626E-010      1.682302E-006      6.790574E-010      3.794206E-009      1.263779E-010      3.571905E-007      8.990570E-010      2.889061E-008      9.005107E-009      1.320223E-007      1.741021E-008      1.993539E-008      0.000000E+000      1.459220E-008      1.825737E-007      0.000000E+000      0.000000E+000      8.495286E-008      0.000000E+000      1.838424E-008      0.000000E+000      1.682459E-008      0.000000E+000      9.185409E-010      0.000000E+000      4.456949E-009      0.000000E+000      3.388102E-007      0.000000E+000      1.912631E-008      0.000000E+000      4.770291E-010
  3.00000E+001  2.99532E+001  1.26524E+001  9.58111E+000  2.94532E+001  2.99532E+001         FSN      3.515968E-002      4.020441E-006      1.164025E-002      1.271280E-010      3.665875E-017      8.416904E-007      1.019951E-008      2.270757E-007      5.584252E-010      2.059441E-006      8.312886E-010      4.644792E-009      1.547094E-010      4.372655E-007      1.100608E-009      3.536731E-008      1.102387E-008      1.616191E-007      2.131324E-008      2.440451E-008      0.000000E+000      1.786349E-008      2.235030E-007      0.000000E+000      0.000000E+000      1.039976E-007      0.000000E+000      2.250562E-008      0.000000E+000      2.059633E-008      0.000000E+000      1.124460E-009      0.000000E+000      5.456108E-009      0.000000E+000      4.147647E-007      0.000000E+000      2.341405E-008      0.000000E+000      5.839696E-010
  3.50000E+001  3.49309E+001  1.55620E+001  1.21972E+001  3.44309E+001  3.49309E+001         FSN      5.190920E-002      5.935545E-006      1.718549E-002      1.867817E-010      6.499148E-017      1.242658E-006      1.505839E-008      3.352510E-007      8.244501E-010      3.040526E-006      1.227301E-009      6.857498E-009      2.284105E-010      6.455719E-007      1.624920E-009      5.221574E-008      1.627547E-008      2.386119E-007      3.146653E-008      3.603043E-008      5.810276E-038      2.637337E-008      3.299764E-007      0.000000E+000      0.000000E+000      1.535404E-007      0.000000E+000      3.322694E-008      0.000000E+000      3.040810E-008      0.000000E+000      1.660134E-009      0.000000E+000      8.055312E-009      0.000000E+000      6.123521E-007      0.000000E+000      3.456813E-008      0.000000E+000      8.621635E-010
  4.00000E+001  3.99055E+001  1.84462E+001  1.48807E+001  3.94055E+001  3.99055E+001         FSN      7.095969E-002      8.113668E-006      2.349250E-002      2.538845E-010      1.013341E-016      1.698710E-006      2.058477E-008      4.582870E-007      1.127020E-009      4.156389E-006      1.677717E-009      9.374175E-009      3.122363E-010      8.824945E-007      2.221260E-009      7.137874E-008      2.224852E-008      3.261817E-007      4.301463E-008      4.925347E-008      0.000000E+000      3.605230E-008      4.510766E-007      0.000000E+000      0.000000E+000      2.098892E-007      0.000000E+000      4.542112E-008      0.000000E+000      4.156777E-008      0.000000E+000      2.269398E-009      0.000000E+000      1.101158E-008      0.000000E+000      8.370832E-007      0.000000E+000      4.725452E-008      0.000000E+000      1.178574E-009
  5.00000E+001  4.98356E+001  2.44829E+001  2.04421E+001  4.93356E+001  4.98356E+001         FSN      1.234708E-001      1.411780E-005      4.087726E-002      4.231874E-010      1.962708E-016      2.955777E-006      3.581845E-008      7.974253E-007      1.961003E-009      7.232171E-006      2.919249E-009      1.631119E-008      5.432953E-010      1.535552E-006      3.865021E-009      1.241999E-007      3.871271E-008      5.675604E-007      7.484602E-008      8.570168E-008      1.472272E-025      6.273148E-008      7.848791E-007      0.000000E+000      0.000000E+000      3.652100E-007      0.000000E+000      7.903334E-008      0.000000E+000      7.232846E-008      0.000000E+000      3.948782E-009      0.000000E+000      1.916030E-008      0.000000E+000      1.456536E-006      0.000000E+000      8.222348E-008      0.000000E+000      2.050735E-009
  6.00000E+001  5.97595E+001  3.05325E+001  2.60516E+001  5.92595E+001  5.97595E+001         FSN      1.806476E-001      2.065522E-005      5.980670E-002      5.929778E-010      3.178165E-016      4.324539E-006      5.240433E-008      1.166697E-006      2.869142E-009      1.058124E-005      4.271095E-009      2.386457E-008      7.948845E-010      2.246635E-006      5.654835E-009      1.817145E-007      5.663979E-008      8.303863E-007      1.095057E-007      1.253884E-007      4.601467E-028      9.178117E-008      1.148341E-006      0.000000E+000      0.000000E+000      5.343314E-007      0.000000E+000      1.156321E-007      0.000000E+000      1.058223E-007      0.000000E+000      5.777384E-009      0.000000E+000      2.803305E-008      0.000000E+000      2.131028E-006      0.000000E+000      1.202995E-007      0.000000E+000      3.000389E-009
  7.00000E+001  6.94805E+001  3.66736E+001  3.19108E+001  3.59397E+001  3.64397E+001       PPISN      1.826917E+001      7.061628E-004      1.528705E+001      8.715583E-010      6.172429E-012      2.120966E-004      1.872014E-005      1.464333E-003      9.807242E-008      5.039484E-004      2.417860E-007      1.036933E-006      3.651666E-008      2.117487E-004      2.648438E-007      1.277500E-005      2.798904E-005      1.559197E-004      1.636096E-005      6.828398E-006      3.397279E-006      7.235995E-005      1.942887E-004      0.000000E+000      0.000000E+000      7.467316E-005      0.000000E+000      1.615966E-005      0.000000E+000      1.478873E-005      0.000000E+000      8.073947E-007      0.000000E+000      3.917645E-006      0.000000E+000      2.978127E-004      0.000000E+000      1.681194E-005      0.000000E+000      4.193064E-007
  8.00000E+001  7.88812E+001  4.28328E+001  3.76874E+001  3.86959E+001  3.91959E+001       PPISN      1.952372E+001      7.192259E-004      2.118370E+001      1.035957E-009      5.855115E-012      9.116338E-002      2.113465E-005      1.789929E-003      1.051175E-007      1.320717E-003      2.556737E-007      1.250235E-006      3.905977E-008      2.533783E-004      1.335061E-006      1.141287E-004      3.336572E-005      1.761842E-004      1.167135E-004      1.142214E-005      2.920856E-006      1.050448E-004      3.016992E-004      0.000000E+000      0.000000E+000      9.083397E-005      0.000000E+000      1.965694E-005      0.000000E+000      1.798931E-005      0.000000E+000      9.821293E-007      0.000000E+000      4.765494E-006      0.000000E+000      3.622651E-004      0.000000E+000      2.045038E-005      0.000000E+000      5.100528E-007
  8.50000E+001  8.38879E+001  4.23757E+001  3.73010E+001  3.87805E+001  3.92805E+001       PPISN      2.054329E+001      1.514105E-004      2.408957E+001      1.973474E-008      2.289825E-008      9.062899E-001      1.957548E-005      2.578479E-003      5.778434E-008      1.696897E-001      1.264443E-007      1.922870E-007      1.199858E-008      6.079954E-003      7.538660E-008      1.738272E-004      1.211831E-005      3.299169E-004      1.367684E-004      8.953950E-006      3.619391E-005      1.930644E-004      3.604204E-004      0.000000E+000      0.000000E+000      1.017987E-004      0.000000E+000      2.202977E-005      0.000000E+000      2.016085E-005      0.000000E+000      1.100684E-006      0.000000E+000      5.340743E-006      0.000000E+000      4.059946E-004      0.000000E+000      2.291898E-005      0.000000E+000      5.716217E-007
  9.00000E+001  8.86105E+001  4.48295E+001  3.95291E+001  3.91063E+001  3.96063E+001       PPISN      2.004995E+001      1.776840E-004      2.789133E+001      2.579457E-008      2.742123E-008      3.654605E-001      1.884878E-005      2.852231E-003      6.376358E-008      2.005985E+000      1.196358E-007      2.428814E-007      1.295567E-008      6.892670E-002      8.044861E-008      4.024611E-005      1.192569E-005      7.283220E-003      2.782776E-004      3.729539E-005      3.801003E-005      2.117384E-004      4.781105E-004      0.000000E+000      0.000000E+000      1.122448E-004      0.000000E+000      2.429026E-005      0.000000E+000      2.223141E-005      0.000000E+000      1.213600E-006      0.000000E+000      5.888153E-006      0.000000E+000      4.477071E-004      0.000000E+000      2.526783E-005      0.000000E+000      6.302999E-007
  9.50000E+001  9.26541E+001  3.08999E+001  3.02091E+001  9.21541E+001  9.26541E+001         FSN      1.274599E+000      7.441931E-005      1.024631E+000      1.122058E-009      3.591500E-008      2.940889E-002      2.281705E-003      3.143987E-003      6.367573E-008      1.170141E-002      5.044093E-006      9.265689E-008      3.776618E-009      1.555869E-005      2.663001E-008      8.973669E-006      1.607250E-006      9.953391E-006      7.071239E-007      7.352190E-007      1.071251E-007      5.163016E-006      1.601764E-005      0.000000E+000      0.000000E+000      5.218807E-006      0.000000E+000      1.129376E-006      0.000000E+000      1.033565E-006      0.000000E+000      5.642761E-008      0.000000E+000      2.737983E-007      0.000000E+000      2.081371E-005      0.000000E+000      1.174963E-006      0.000000E+000      2.930475E-008
  1.00000E+002  9.71834E+001  3.27820E+001  3.24523E+001  9.66834E+001  9.71834E+001         FSN      1.626045E+000      1.148701E-004      1.117547E+000      1.304098E-009      2.725898E-008      4.725223E-002      3.201180E-003      2.983102E-003      6.747913E-008      1.930785E-002      4.855878E-006      1.322506E-007      5.470066E-009      2.025578E-005      3.864060E-008      1.255300E-005      1.586541E-006      1.127402E-005      1.059983E-006      1.043757E-006      9.521550E-008      5.224552E-006      1.881211E-005      0.000000E+000      0.000000E+000      6.264968E-006      0.000000E+000      1.355772E-006      0.000000E+000      1.240753E-006      0.000000E+000      6.773911E-008      0.000000E+000      3.286840E-007      0.000000E+000      2.498604E-005      0.000000E+000      1.410497E-006      0.000000E+000      3.517919E-008
  1.10000E+002  1.08370E+002  5.80272E+001  5.19614E+001  4.53888E+001  4.58888E+001       PPISN      2.494564E+001      1.647183E-004      2.979700E+001      5.568185E-008      1.946164E-008      1.183811E+000      2.223208E-005      3.296716E-003      6.933744E-008      7.763265E+000      1.009646E-007      2.287738E-007      1.919121E-008      3.617521E-001      6.808300E-008      5.298640E-005      1.156749E-005      5.323756E-002      9.667740E-004      1.335642E-004      5.129660E-005      2.889839E-004      6.421489E-004      0.000000E+000      0.000000E+000      1.428291E-004      0.000000E+000      3.090879E-005      0.000000E+000      2.828661E-005      0.000000E+000      1.544311E-006      0.000000E+000      7.493322E-006      0.000000E+000      5.696300E-004      0.000000E+000      3.215641E-005      0.000000E+000      8.020126E-007
  1.20000E+002  1.18244E+002  6.38441E+001  5.74198E+001  1.26697E+001  1.31697E+001       PPISN      2.654413E+001      1.676338E-004      3.299777E+001      1.220568E-007      2.934517E-008      5.582395E+000      8.121800E-005      3.614138E-003      7.484266E-008      3.918663E+001      3.257145E-006      2.252848E-007      6.272523E-008      2.144945E+000      1.212586E-007      1.024230E-004      1.946007E-004      3.615729E-001      4.617683E-003      6.537137E-004      5.868253E-005      3.705665E-004      1.608514E-003      0.000000E+000      0.000000E+000      2.383087E-004      0.000000E+000      5.157029E-005      0.000000E+000      4.719528E-005      0.000000E+000      2.576632E-006      0.000000E+000      1.250235E-005      0.000000E+000      9.504089E-004      0.000000E+000      5.365190E-005      0.000000E+000      1.338132E-006
  1.30000E+002  1.28146E+002  6.95622E+001  6.27084E+001  0.00000E+000  0.00000E+000        PISN      2.649300E+001      1.758689E-004      3.603735E+001      1.094911E-007      1.879758E-008      7.379387E+000      2.403169E-005      3.751181E-003      8.552482E-007      5.269397E+001      4.665372E-006      3.235173E-006      2.502833E-008      5.344605E+000      5.398508E-004      2.357304E-004      9.788111E-003      1.638708E+000      4.109871E-003      3.979883E-003      5.670151E-005      3.643885E-002      3.378911E-001      2.099186E-003      2.902446E-003      1.413808E-003      5.966080E-005      4.357024E-005      1.429760E-007      2.666865E-005      1.499418E-011      1.455147E-006      1.178115E-012      7.060471E-006      8.900120E-014      1.939753E-003      1.670781E-014      3.029891E-005      6.318979E-015      7.556848E-007
  1.40000E+002  1.37822E+002  7.49273E+001  6.76616E+001  0.00000E+000  0.00000E+000        PISN      2.793946E+001      2.090894E-004      3.856958E+001      1.530528E-007      2.364937E-008      4.327781E+000      2.628178E-005      3.983569E-003      6.785444E-006      4.446637E+001      8.757201E-007      1.118176E-006      2.175029E-008      3.896457E+000      2.081825E-004      5.847596E-005      2.965659E-003      3.486825E+000      3.097492E-003      1.698978E-003      5.831592E-005      1.701881E-002      1.215168E+001      2.253343E-002      2.172993E-003      4.107923E+000      1.556430E-003      5.197677E-001      1.319884E-003      3.156862E-001      2.897179E-006      5.445397E-004      6.427628E-005      7.126916E-003      2.723058E-003      1.470902E-001      4.088118E-006      2.505797E-003      4.338594E-012      8.137125E-007
  1.50000E+002  1.47651E+002  8.08346E+001  7.31213E+001  0.00000E+000  0.00000E+000        PISN      2.907983E+001      1.521157E-004      4.150344E+001      8.003618E-008      5.731346E-008      4.322893E+000      1.911391E-004      3.537134E-002      7.263527E-006      4.677342E+001      1.185868E-006      9.954536E-007      1.851041E-008      4.217536E+000      2.574374E-004      3.405833E-005      3.069290E-003      3.720871E+000      2.424902E-003      1.745691E-003      8.472468E-006      1.632232E-002      1.408683E+001      2.206952E-002      1.848515E-003      4.937702E+000      1.403995E-003      6.355511E-001      1.086789E-003      3.968033E-001      3.058816E-006      8.047127E-004      7.302443E-005      1.135095E-002      3.331251E-003      2.195813E-001      4.384030E-006      2.651976E-003      4.841828E-012      8.649494E-007
  1.60000E+002  1.57370E+002  8.71807E+001  7.91997E+001  0.00000E+000  0.00000E+000        PISN      3.049195E+001      2.228331E-004      4.374718E+001      1.636156E-007      2.414893E-008      4.250808E+000      2.908335E-005      4.462437E-003      6.613887E-006      4.630800E+001      7.329783E-007      1.058892E-006      2.214669E-008      4.157838E+000      2.782194E-004      6.608386E-005      2.935428E-003      4.088933E+000      3.753751E-003      1.853775E-003      6.094281E-005      1.737432E-002      1.768299E+001      2.110074E-002      1.557594E-003      6.741476E+000      1.255595E-003      9.244094E-001      8.791903E-004      6.305739E-001      3.270690E-006      2.445976E-003      1.463600E-004      4.225879E-002      7.904539E-003      8.618289E-001      4.797570E-006      4.166846E-003      5.282378E-012      9.106573E-007
  1.70000E+002  1.67151E+002  9.37399E+001  8.54090E+001  0.00000E+000  0.00000E+000        PISN      3.090856E+001      2.406350E-004      4.676136E+001      1.736753E-007      1.352641E-008      4.151060E+000      3.046085E-005      4.657209E-003      6.522872E-006      4.538491E+001      6.689312E-007      1.053079E-006      2.544516E-008      4.011234E+000      1.994999E-004      6.511935E-005      2.845797E-003      4.345576E+000      4.599805E-003      2.031412E-003      5.052659E-005      1.807694E-002      2.085026E+001      2.055419E-002      1.382933E-003      8.536364E+000      1.107166E-003      1.258299E+000      6.854062E-004      9.350366E-001      3.450399E-006      5.589635E-003      2.690956E-004      1.142901E-001      1.791028E-002      2.653891E+000      5.454936E-006      7.496566E-003      6.210048E-012      9.537790E-007
  1.80000E+002  1.76734E+002  9.97083E+001  9.09714E+001  0.00000E+000  0.00000E+000        PISN      3.336097E+001      2.522093E-004      4.838933E+001      1.438833E-007      2.345091E-008      4.017590E+000      3.174172E-005      4.910044E-003      6.536381E-006      4.398088E+001      6.237707E-007      1.103651E-006      2.686918E-008      4.056062E+000      2.122338E-004      7.028213E-005      2.773456E-003      4.408786E+000      4.345345E-003      1.935513E-003      6.530463E-005      1.688538E-002      2.300416E+001      1.946635E-002      1.200053E-003      9.910121E+000      9.906533E-004      1.527947E+000      5.408946E-004      1.207309E+000      3.565144E-006      9.133872E-003      4.099265E-004      2.100199E-001      3.404600E-002      5.810041E+000      1.266318E-005      1.789376E-002      3.019633E-009      1.013255E-006
  1.90000E+002  1.86424E+002  1.05397E+002  9.63923E+001  0.00000E+000  0.00000E+000        PISN      3.473072E+001      2.614689E-004      5.140398E+001      1.655652E-007      2.803135E-008      3.841459E+000      3.423693E-005      5.169240E-003      6.641329E-006      4.257356E+001      5.896115E-007      1.105238E-006      2.984158E-008      3.863514E+000      1.439103E-004      7.174770E-005      2.697479E-003      4.392953E+000      4.612172E-003      2.045806E-003      5.989643E-005      1.704366E-002      2.455683E+001      1.929695E-002      1.218096E-003      1.085191E+001      8.962106E-004      1.730739E+000      4.373690E-004      1.411657E+000      3.590046E-006      1.188886E-002      4.782311E-004      2.819924E-001      4.289457E-002      1.013768E+001      7.951860E-004      1.114687E-001      3.003949E-006      3.298355E-005
  2.00000E+002  1.96455E+002  1.13176E+002  1.04099E+002  0.00000E+000  0.00000E+000        PISN      3.633684E+001      2.818993E-004      5.220863E+001      9.738622E-008      1.858771E-008      3.734794E+000      3.433282E-005      5.296201E-003      7.026449E-006      4.028548E+001      5.478165E-007      1.158803E-006      3.367031E-008      3.863225E+000      1.524276E-004      7.131885E-005      2.683734E-003      4.431851E+000      4.286048E-003      1.937740E-003      6.802012E-005      1.572591E-002      2.552507E+001      1.791428E-002      1.137439E-003      1.166078E+001      7.955622E-004      1.907860E+000      3.441602E-004      1.598259E+000      3.578249E-006      1.495569E-002      5.111187E-004      3.520183E-001      4.751882E-002      1.758686E+001      3.671339E-003      3.892260E-001      2.132282E-005      2.590176E-004
  2.10000E+002  2.06042E+002  1.19161E+002  1.09802E+002  0.00000E+000  0.00000E+000        PISN      3.746490E+001      2.698301E-004      5.532644E+001      9.981041E-008      2.421979E-008      3.714214E+000      3.669207E-005      5.549708E-003      7.279393E-006      3.839251E+001      5.045369E-007      1.160739E-006      3.639116E-008      3.874320E+000      1.509350E-004      7.387166E-005      2.739719E-003      4.542516E+000      3.862665E-003      1.881543E-003      6.672373E-005      1.490275E-002      2.570581E+001      1.697092E-002      1.128599E-003      1.197224E+001      7.345245E-004      1.982137E+000      3.047563E-004      1.681170E+000      3.520727E-006      1.701600E-002      5.159295E-004      3.885280E-001      4.845882E-002      2.411833E+001      7.093012E-003      7.130736E-001      4.680026E-005      5.877026E-004
  2.20000E+002  2.15808E+002  1.24940E+002  1.15300E+002  0.00000E+000  0.00000E+000        PISN      3.900975E+001      2.901341E-004      5.841616E+001      1.077829E-007      2.477621E-008      3.613344E+000      3.781704E-005      5.798000E-003      7.164578E-006      3.594620E+001      4.577917E-007      1.224014E-006      3.890245E-008      3.921976E+000      1.679872E-004      7.480540E-005      2.820667E-003      4.424029E+000      3.446838E-003      1.730532E-003      6.775251E-005      1.352225E-002      2.512197E+001      1.522749E-002      9.555222E-004      1.181213E+001      6.779579E-004      1.991209E+000      2.902810E-004      1.711951E+000      3.422953E-006      1.890463E-002      5.093628E-004      4.114678E-001      4.852659E-002      3.225966E+001      1.244842E-002      1.231357E+000      8.878908E-005      1.141684E-003
  2.30000E+002  2.25493E+002  1.32781E+002  1.22938E+002  2.24993E+002  2.25493E+002         DBH      2.863496E+000      2.277414E-004      1.642845E+000      5.631157E-009      1.963355E-008      4.867506E-005      9.373616E-007      1.310926E-004      3.325666E-008      1.172253E-004      4.791285E-008      2.633349E-007      8.772609E-009      3.140250E-005      6.289042E-008      2.300489E-006      2.157284E-006      1.592949E-005      1.243425E-006      1.699391E-006      1.422584E-007      1.025936E-005      2.888440E-005      0.000000E+000      0.000000E+000      1.002182E-005      0.000000E+000      2.168773E-006      0.000000E+000      1.984783E-006      0.000000E+000      1.083595E-007      0.000000E+000      5.257826E-007      0.000000E+000      3.996915E-005      0.000000E+000      2.256315E-006      0.000000E+000      5.627473E-008
  2.40000E+002  2.34951E+002  1.37322E+002  1.27265E+002  2.34451E+002  2.34951E+002         DBH      3.161613E+000      2.418875E-004      1.887088E+000      6.019465E-009      2.579386E-008      5.185880E-005      1.058348E-006      1.559604E-004      3.554277E-008      1.245478E-004      5.098444E-008      2.796329E-007      9.316142E-009      3.421305E-005      6.683803E-008      2.489751E-006      2.470674E-006      1.761833E-005      1.325800E-006      1.846275E-006      1.704475E-007      1.223747E-005      3.339645E-005      0.000000E+000      0.000000E+000      1.122870E-005      0.000000E+000      2.429949E-006      0.000000E+000      2.223802E-006      0.000000E+000      1.214088E-007      0.000000E+000      5.891003E-007      0.000000E+000      4.478247E-005      0.000000E+000      2.528033E-006      0.000000E+000      6.305166E-008
  2.50000E+002  2.44254E+002  1.43171E+002  1.32710E+002  2.43754E+002  2.44254E+002         DBH      3.550871E+000      2.629038E-004      2.194140E+000      1.767776E-008      2.701724E-008      5.654799E-005      1.255479E-006      1.856874E-004      3.888245E-008      1.356004E-004      5.565050E-008      3.036011E-007      1.013900E-008      3.804895E-005      7.278806E-008      2.755102E-006      2.842493E-006      1.965988E-005      1.447649E-006      2.049655E-006      2.020679E-007      1.457006E-005      3.921047E-005      0.000000E+000      0.000000E+000      1.277806E-005      0.000000E+000      2.765239E-006      0.000000E+000      2.530644E-006      0.000000E+000      1.381609E-007      0.000000E+000      6.703859E-007      0.000000E+000      5.096167E-005      0.000000E+000      2.876857E-006      0.000000E+000      7.175164E-008
  2.60000E+002  2.54029E+002  1.51005E+002  1.37710E+002  2.53529E+002  2.54029E+002         DBH      3.748833E+000      2.750478E-004      2.220807E+000      1.316642E-008      1.642654E-008      5.911441E-005      1.274990E-006      1.920440E-004      4.117158E-008      1.414635E-004      5.796467E-008      3.175077E-007      1.057729E-008      4.015388E-005      7.596029E-008      2.898652E-006      3.026460E-006      2.058391E-005      1.511169E-006      2.160250E-006      2.097454E-007      1.501782E-005      3.963992E-005      0.000000E+000      0.000000E+000      1.327675E-005      0.000000E+000      2.873157E-006      0.000000E+000      2.629410E-006      0.000000E+000      1.435530E-007      0.000000E+000      6.965486E-007      0.000000E+000      5.295052E-005      0.000000E+000      2.989131E-006      0.000000E+000      7.455189E-008
  2.70000E+002  2.63202E+002  1.54586E+002  1.40687E+002  2.62702E+002  2.63202E+002         DBH      4.174915E+000      2.992336E-004      2.621984E+000      1.509237E-008      2.789839E-008      6.452400E-005      1.465913E-006      2.280898E-004      4.471782E-008      1.540523E-004      6.321632E-008      3.455597E-007      1.151384E-008      4.417706E-005      8.270305E-008      3.193521E-006      3.373669E-006      2.275499E-005      1.651006E-006      2.384237E-006      2.516424E-007      1.812972E-005      4.740671E-005      0.000000E+000      0.000000E+000      1.511815E-005      0.000000E+000      3.271625E-006      0.000000E+000      2.994070E-006      0.000000E+000      1.634622E-007      0.000000E+000      7.931532E-007      0.000000E+000      6.029404E-005      0.000000E+000      3.403703E-006      0.000000E+000      8.489122E-008
  2.80000E+002  2.73064E+002  1.62950E+002  1.48868E+002  2.72564E+002  2.73064E+002         DBH      4.312576E+000      3.071456E-004      2.622513E+000      2.189851E-008      1.842190E-008      6.627578E-005      1.555359E-006      2.311798E-004      4.631110E-008      1.582609E-004      6.498714E-008      3.543401E-007      1.182948E-008      4.558701E-005      8.497065E-008      3.296963E-006      3.483958E-006      2.335399E-005      1.697010E-006      2.460893E-006      2.566547E-007      1.844487E-005      4.739617E-005      0.000000E+000      0.000000E+000      1.542460E-005      0.000000E+000      3.337963E-006      0.000000E+000      3.054784E-006      0.000000E+000      1.667763E-007      0.000000E+000      8.092330E-007      0.000000E+000      6.151661E-005      0.000000E+000      3.472699E-006      0.000000E+000      8.661255E-008
  2.90000E+002  2.82201E+002  1.68512E+002  1.53986E+002  2.81701E+002  2.82201E+002         DBH      4.812061E+000      3.402369E-004      2.986285E+000      1.652927E-008      2.272662E-008      7.349393E-005      1.718864E-006      2.637325E-004      5.135646E-008      1.750869E-004      7.185445E-008      3.927263E-007      1.308481E-008      5.069154E-005      9.399662E-008      3.672215E-006      3.866565E-006      2.574415E-005      1.879664E-006      2.739651E-006      2.894942E-007      2.101038E-005      5.459304E-005      0.000000E+000      0.000000E+000      1.734519E-005      0.000000E+000      3.753593E-006      0.000000E+000      3.435154E-006      0.000000E+000      1.875425E-007      0.000000E+000      9.099955E-007      0.000000E+000      6.917633E-005      0.000000E+000      3.905096E-006      0.000000E+000      9.739722E-008
  3.00000E+002  2.91769E+002  1.74970E+002  1.60072E+002  2.91269E+002  2.91769E+002         DBH      5.043818E+000      3.451747E-004      3.186304E+000      1.597577E-008      1.972829E-008      7.476884E-005      1.826837E-006      2.878918E-004      5.276551E-008      1.776087E-004      7.298380E-008      3.982435E-007      1.326774E-008      5.240277E-005      9.536073E-008      3.788672E-006      4.086165E-006      2.696767E-005      1.915073E-006      2.846786E-006      3.282687E-007      2.346196E-005      5.826335E-005      0.000000E+000      0.000000E+000      1.830607E-005      0.000000E+000      3.961528E-006      0.000000E+000      3.625448E-006      0.000000E+000      1.979318E-007      0.000000E+000      9.604057E-007      0.000000E+000      7.300852E-005      0.000000E+000      4.121433E-006      0.000000E+000      1.027926E-007
  3.50000E+002  3.37867E+002  2.05128E+002  1.87869E+002  3.37367E+002  3.37867E+002         DBH      7.284850E+000      4.575332E-004      4.846340E+000      1.681453E-008      2.751787E-008      1.002128E-004      2.838709E-006      4.588702E-004      7.164425E-008      2.356579E-004      9.718953E-008      5.276772E-007      1.758417E-008      7.368183E-005      1.265827E-007      5.321838E-006      6.022305E-006      3.710580E-005      2.568732E-006      4.001330E-006      5.297871E-007      3.763228E-005      9.160799E-005      0.000000E+000      0.000000E+000      2.698539E-005      0.000000E+000      5.839778E-006      0.000000E+000      5.344354E-006      0.000000E+000      2.917758E-007      0.000000E+000      1.415756E-006      0.000000E+000      1.076235E-004      0.000000E+000      6.075498E-006      0.000000E+000      1.515290E-007
  4.00000E+002  3.84077E+002  2.31810E+002  2.12581E+002  3.83577E+002  3.84077E+002         DBH      9.586242E+000      5.812908E-004      6.334871E+000      3.173986E-008      3.307241E-008      1.281083E-004      3.901021E-006      6.140647E-004      9.202802E-008      3.001015E-004      1.241888E-007      6.700471E-007      2.238322E-008      9.566525E-005      1.611650E-007      6.983695E-006      7.740742E-006      4.661168E-005      3.291978E-006      5.220656E-006      7.315116E-007      5.146231E-005      1.222443E-004      0.000000E+000      0.000000E+000      3.541549E-005      0.000000E+000      7.664095E-006      0.000000E+000      7.013904E-006      0.000000E+000      3.829251E-007      0.000000E+000      1.858031E-006      0.000000E+000      1.412446E-004      0.000000E+000      7.973453E-006      0.000000E+000      1.988658E-007
  4.50000E+002  4.26827E+002  2.74335E+002  2.59425E+002  4.26327E+002  4.26827E+002         DBH      1.373238E+001      7.061877E-004      9.437393E+000      4.631658E-009      3.273414E-012      1.590348E-004      5.854983E-006      9.887872E-004      1.175234E-007      3.646514E-004      1.518922E-007      8.143255E-007      2.712507E-008      1.298881E-004      1.960282E-007      9.491879E-006      1.138378E-005      6.330124E-005      4.206376E-006      7.024430E-006      1.290691E-006      8.825635E-005      1.842131E-004      0.000000E+000      0.000000E+000      5.154284E-005      0.000000E+000      1.115414E-005      0.000000E+000      1.020786E-005      0.000000E+000      5.572997E-007      0.000000E+000      2.704133E-006      0.000000E+000      2.055639E-004      0.000000E+000      1.160437E-005      0.000000E+000      2.894245E-007
  5.00000E+002  4.73880E+002  2.96349E+002  2.73564E+002  4.73380E+002  4.73880E+002         DBH      1.541994E+001      8.428649E-004      1.069670E+001      1.049742E-008      1.806982E-008      1.888151E-004      6.648990E-006      1.082434E-003      1.378358E-007      4.348726E-004      1.804387E-007      9.721802E-007      3.239058E-008      1.486624E-004      2.335870E-007      1.103610E-005      1.229244E-005      6.868639E-005      4.858273E-006      8.116689E-006      1.334951E-006      9.129141E-005      2.160950E-004      0.000000E+000      0.000000E+000      5.809942E-005      0.000000E+000      1.257282E-005      0.000000E+000      1.150633E-005      0.000000E+000      6.281899E-007      0.000000E+000      3.048087E-006      0.000000E+000      2.317106E-004      0.000000E+000      1.308040E-005      0.000000E+000      3.262405E-007
  5.50000E+002  5.14532E+002  3.25988E+002  3.00777E+002  5.14032E+002  5.14532E+002         DBH      1.987001E+001      9.873355E-004      1.559339E+001      7.589123E-009      1.006334E-008      2.251258E-004      9.189583E-006      1.577000E-003      1.679867E-007      5.103459E-004      2.132205E-007      1.138687E-006      3.793431E-008      1.821634E-004      2.738576E-007      1.374053E-005      1.518733E-005      8.340667E-005      5.805466E-006      1.015560E-005      1.916628E-006      1.359345E-004      3.254588E-004      0.000000E+000      0.000000E+000      7.890895E-005      0.000000E+000      1.707631E-005      0.000000E+000      1.562762E-005      0.000000E+000      8.531920E-007      0.000000E+000      4.139863E-006      0.000000E+000      3.147058E-004      0.000000E+000      1.776559E-005      0.000000E+000      4.430913E-007
  6.00000E+002  5.60442E+002  3.59777E+002  3.36058E+002  5.59942E+002  5.60442E+002         DBH      2.369788E+001      1.072130E-003      1.585551E+001      6.076478E-009      8.651075E-012      2.457445E-004      1.035771E-005      1.777249E-003      1.844289E-007      5.544353E-004      2.318034E-007      1.236393E-006      4.118418E-008      2.127185E-004      2.982183E-007      1.611114E-005      1.849494E-005      9.522527E-005      6.489417E-006      1.182928E-005      2.661465E-006      1.716445E-004      3.220215E-004      0.000000E+000      0.000000E+000      8.798527E-005      0.000000E+000      1.904032E-005      0.000000E+000      1.742509E-005      0.000000E+000      9.513268E-007      0.000000E+000      4.616031E-006      0.000000E+000      3.509033E-004      0.000000E+000      1.980894E-005      0.000000E+000      4.940559E-007
  6.50000E+002  6.01975E+002  3.89212E+002  3.60549E+002  6.01475E+002  6.01975E+002         DBH      2.669955E+001      1.208036E-003      2.131920E+001      7.255453E-009      2.866283E-009      2.800421E-004      1.269840E-005      2.221611E-003      2.110483E-007      6.254577E-004      2.625142E-007      1.393525E-006      4.641987E-008      2.382246E-004      3.357040E-007      1.836405E-005      2.001217E-005      1.031247E-004      7.257171E-006      1.317738E-005      2.812245E-006      1.902184E-004      4.596588E-004      0.000000E+000      0.000000E+000      1.068486E-004      0.000000E+000      2.312259E-005      0.000000E+000      2.116096E-005      0.000000E+000      1.155286E-006      0.000000E+000      5.605686E-006      0.000000E+000      4.261351E-004      0.000000E+000      2.405592E-005      0.000000E+000      5.999789E-007
  7.00000E+002  6.47092E+002  4.21622E+002  3.91186E+002  6.46592E+002  6.47092E+002         DBH      3.012831E+001      1.534287E-003      2.277257E+001      7.652299E-009      2.088743E-009      3.499006E-004      1.406479E-005      2.307765E-003      2.582485E-007      7.927417E-004      3.306609E-007      1.770358E-006      5.897031E-008      2.737549E-004      4.248381E-007      2.151032E-005      2.049569E-005      1.146195E-004      9.033963E-006      1.532590E-005      2.949594E-006      2.050239E-004      4.922816E-004      0.000000E+000      0.000000E+000      1.177012E-004      0.000000E+000      2.547113E-005      0.000000E+000      2.331027E-005      0.000000E+000      1.272627E-006      0.000000E+000      6.175048E-006      0.000000E+000      4.694174E-004      0.000000E+000      2.649927E-005      0.000000E+000      6.609181E-007
  7.50000E+002  6.90894E+002  6.16982E+002  3.02437E+002  6.90393E+002  6.90893E+002         DBH      3.452049E+001      1.306640E-003      2.453661E+001      7.638134E-009      3.729645E-011      4.654164E-004      5.490709E-004      1.713696E-002      4.653248E-007      2.252685E-002      5.813538E-005      1.520169E-006      5.875222E-008      3.403782E-003      5.008546E-007      2.619310E-005      2.750665E-005      2.293602E-003      1.534998E-005      1.665241E-005      4.387246E-006      2.574759E-004      5.292242E-004      0.000000E+000      0.000000E+000      1.314560E-004      0.000000E+000      2.844774E-005      0.000000E+000      2.603435E-005      0.000000E+000      1.421349E-006      0.000000E+000      6.896677E-006      0.000000E+000      5.242745E-004      0.000000E+000      2.959602E-005      0.000000E+000      7.381543E-007
  8.00000E+002  7.36915E+002  3.82546E+002  3.82510E+002  7.36415E+002  7.36915E+002         DBH      3.748416E+001      1.855322E-003      2.557028E+001      8.058583E-009      3.785979E-011      1.499373E-003      1.517190E-003      7.564434E-003      3.971465E-007      1.599303E-002      1.844311E-005      2.151002E-006      7.228539E-008      6.375140E-004      5.264775E-007      2.746509E-005      2.486198E-005      2.166016E-004      1.287374E-005      1.889068E-005      3.882667E-006      2.602655E-004      5.549880E-004      0.000000E+000      0.000000E+000      1.403155E-004      0.000000E+000      3.036500E-005      0.000000E+000      2.778896E-005      0.000000E+000      1.517142E-006      0.000000E+000      7.361484E-006      0.000000E+000      5.596083E-004      0.000000E+000      3.159067E-005      0.000000E+000      7.879028E-007
  9.00000E+002  8.24754E+002  7.54016E+002  4.04180E+002  8.24254E+002  8.24754E+002         DBH      4.408067E+001      2.098396E-003      3.112508E+001      9.011685E-009      2.088533E-009      8.889525E-004      1.127339E-003      1.269364E-002      5.099023E-007      1.747063E-002      4.579992E-005      2.432529E-006      8.690913E-008      2.587571E-003      6.835745E-007      3.495597E-005      2.972006E-005      1.692448E-003      1.761151E-005      2.206014E-005      4.842532E-006      2.933804E-004      6.932703E-004      0.000000E+000      0.000000E+000      1.673668E-004      0.000000E+000      3.621904E-005      0.000000E+000      3.314636E-005      0.000000E+000      1.809630E-006      0.000000E+000      8.780696E-006      0.000000E+000      6.674946E-004      0.000000E+000      3.768100E-005      0.000000E+000      9.398016E-007
  1.00000E+003  9.12279E+002  8.20521E+002  3.96315E+002  9.11779E+002  9.12279E+002         DBH      5.188961E+001      2.098823E-003      3.576952E+001      1.001256E-008      1.735301E-009      1.788226E-003      1.281470E-003      1.590218E-002      5.635934E-007      3.018647E-002      7.094516E-005      2.440057E-006      9.032565E-008      4.600414E-003      7.612189E-007      4.276055E-005      3.777583E-005      3.524439E-003      2.670239E-005      2.521963E-005      6.608924E-006      3.495802E-004      8.065925E-004      0.000000E+000      0.000000E+000      1.951075E-004      0.000000E+000      4.222226E-005      0.000000E+000      3.864029E-005      0.000000E+000      2.109572E-006      0.000000E+000      1.023608E-005      0.000000E+000      7.781303E-004      0.000000E+000      4.392654E-005      0.000000E+000      1.095572E-006
  1.25000E+003  1.12976E+003  1.03532E+003  5.13684E+002  1.12926E+003  1.12976E+003         DBH      7.205726E+001      2.140892E-003      4.810916E+001      1.286704E-008      1.152007E-009      1.991190E-003      1.051141E-003      1.669534E-002      5.849271E-007      3.561090E-002      8.248549E-005      2.487440E-006      9.434420E-008      5.505329E-003      7.994186E-007      5.853758E-005      5.535916E-005      4.509821E-003      3.466160E-005      3.279829E-005      1.163600E-005      5.095572E-004      1.111067E-003      0.000000E+000      0.000000E+000      2.674209E-004      0.000000E+000      5.787127E-005      0.000000E+000      5.296170E-005      0.000000E+000      2.891451E-006      0.000000E+000      1.402991E-005      0.000000E+000      1.066532E-003      0.000000E+000      6.020721E-005      0.000000E+000      1.501628E-006
  1.50000E+003  1.35127E+003  7.44223E+002  7.43970E+002  1.35077E+003  1.35127E+003         DBH      9.129544E+001      2.258554E-003      5.740289E+001      1.582283E-008      3.383279E-010      8.443506E-004      1.094161E-003      1.262646E-002      5.438370E-007      9.701921E-003      1.810684E-005      2.615021E-006      9.046950E-008      1.840958E-003      7.121333E-007      7.317888E-005      6.978984E-005      1.153810E-003      2.010639E-005      3.863949E-005      1.720271E-005      6.705266E-004      1.338689E-003      0.000000E+000      0.000000E+000      3.307690E-004      0.000000E+000      7.158010E-005      0.000000E+000      6.550753E-005      0.000000E+000      3.576393E-006      0.000000E+000      1.735339E-005      0.000000E+000      1.319177E-003      0.000000E+000      7.446940E-005      0.000000E+000      1.857341E-006
  1.75000E+003  1.56111E+003  8.64065E+002  8.64065E+002  1.56061E+003  1.56111E+003         DBH      1.147225E+002      2.420680E-003      7.413925E+001      1.875739E-008      3.282173E-010      7.161211E-004      2.592407E-004      1.424501E-002      5.941592E-007      3.637317E-003      5.973129E-006      2.797379E-006      9.550680E-008      1.089167E-003      7.083128E-007      9.165385E-005      8.385517E-005      4.375979E-004      2.570013E-005      4.452936E-005      2.374096E-005      8.907341E-004      1.778723E-003      0.000000E+000      0.000000E+000      4.200960E-004      0.000000E+000      9.091094E-005      0.000000E+000      8.319842E-005      0.000000E+000      4.542230E-006      0.000000E+000      2.203983E-005      0.000000E+000      1.675433E-003      0.000000E+000      9.458052E-005      0.000000E+000      2.358932E-006
  2.00000E+003  1.77739E+003  5.53510E+002  5.53189E+002  1.77689E+003  1.77739E+003         DBH      1.364629E+002      2.518480E-003      8.597441E+001      2.179311E-008      4.494801E-012      2.073675E-003      5.446168E-004      3.957444E-002      1.029149E-006      9.687351E-002      1.639271E-004      2.958412E-006      1.548966E-005      9.690176E-003      1.134540E-006      4.327758E-004      1.116207E-004      1.573760E-002      6.723404E-004      1.042010E-004      4.248291E-005      1.096978E-003      2.104227E-003      0.000000E+000      0.000000E+000      4.947968E-004      0.000000E+000      1.070766E-004      0.000000E+000      9.799261E-005      0.000000E+000      5.349921E-006      0.000000E+000      2.595891E-005      0.000000E+000      1.973355E-003      0.000000E+000      1.113987E-004      0.000000E+000      2.778393E-006
