# Initial composition Z = 0.0001
# 0.00000E+000  0.00000E+000  0.00000E+000  0.00000E+000      7.511600E-001      2.250600E-005      2.486800E-001      2.720200E-009      1.084700E-012      1.798200E-005      2.179000E-007      4.851100E-006      1.193000E-008      4.399700E-005      1.775900E-008      9.922900E-008      3.305100E-009      9.341600E-006      2.351300E-008      7.555700E-007      2.355100E-007      3.452800E-006      4.553300E-007      5.213700E-007      0.000000E+000      3.816300E-007      4.774800E-006      2.236200E-007      4.281200E-008      2.221800E-006      5.372600E-008      4.808000E-007      2.414200E-008      4.400100E-007      3.187600E-010      2.402200E-008      2.440900E-009      1.165600E-007      6.463200E-008      8.860900E-006      2.349300E-008      5.002100E-007      4.939400E-009      1.247600E-008
# winds ejecta
           Min          Mfin          M_HE          M_CO                  H                HE3                HE4                LI7                BE7                C12                C13                N14                N15                O16                O17                O18                F19               NE20               NE21               NE22               NA23               MG24               MG25               MG26               AL26               AL27               SI28               SI29                  P                  S                 CL                 AR                  K                 CA                 SC                 TI                  V                 CR                 MN                 FE                 CO                 NI                 CU                 ZN
  1.40000E+001  1.39961E+001  4.91386E+000  2.83685E+000      2.916387E-003      3.284301E-007      9.707505E-004      1.030100E-011      8.644470E-019      6.878672E-008      8.737023E-010      2.095747E-008      4.552726E-011      1.701161E-007      8.473700E-011      3.801652E-010      1.275284E-011      3.625850E-008      9.162258E-011      2.910015E-009      1.008584E-009      1.343249E-008      1.761330E-009      2.019010E-009      3.425114E-013      1.494618E-009      1.856709E-008      0.000000E+000      0.000000E+000      8.637946E-009      0.000000E+000      1.869296E-009      0.000000E+000      1.710713E-009      0.000000E+000      9.339659E-011      0.000000E+000      4.531794E-010      0.000000E+000      3.444998E-008      0.000000E+000      1.944750E-009      0.000000E+000      4.850398E-011
  1.60000E+001  1.59939E+001  5.73999E+000  3.53216E+000      4.577557E-003      5.191491E-007      1.521261E-003      1.634761E-011      1.555585E-018      1.087288E-007      1.352646E-009      3.142936E-008      7.203917E-011      2.675240E-007      1.205025E-010      6.004806E-010      2.007682E-011      5.692730E-008      1.434344E-010      4.585454E-009      1.517082E-009      2.107447E-008      2.769207E-009      3.172448E-009      2.679554E-013      2.336753E-009      2.913016E-008      0.000000E+000      0.000000E+000      1.355269E-008      0.000000E+000      2.932873E-009      0.000000E+000      2.684060E-009      0.000000E+000      1.465366E-010      0.000000E+000      7.110257E-010      0.000000E+000      5.405105E-008      0.000000E+000      3.051257E-009      0.000000E+000      7.610138E-011
  1.80000E+001  1.79905E+001  6.60100E+000  4.19472E+000      7.110083E-003      8.105866E-007      2.358310E-003      2.560485E-011      7.595256E-018      1.697294E-007      2.078266E-009      4.711001E-008      1.125479E-010      4.160510E-007      1.713812E-010      9.368949E-010      3.124576E-011      8.842773E-008      2.225370E-010      7.141517E-009      2.279875E-009      3.271091E-008      4.306109E-009      4.932002E-009      3.416509E-013      3.619449E-009      4.522153E-008      0.000000E+000      0.000000E+000      2.104046E-008      0.000000E+000      4.553265E-009      0.000000E+000      4.166984E-009      0.000000E+000      2.274971E-010      0.000000E+000      1.103862E-009      0.000000E+000      8.391387E-008      0.000000E+000      4.737056E-009      0.000000E+000      1.181469E-010
  2.00000E+001  1.99864E+001  7.56001E+000  4.98020E+000      1.018346E-002      1.162747E-006      3.374313E-003      3.672927E-011      1.547002E-017      2.434533E-007      2.968020E-009      6.655360E-008      1.614631E-010      5.962258E-007      2.430833E-010      1.343689E-009      4.478534E-011      1.266492E-007      3.186800E-010      1.023723E-008      3.223964E-009      4.683058E-008      6.170554E-009      7.066212E-009      2.289825E-013      5.178440E-009      6.475028E-008      0.000000E+000      0.000000E+000      3.012777E-008      0.000000E+000      6.519806E-009      0.000000E+000      5.966692E-009      0.000000E+000      3.257523E-010      0.000000E+000      1.580617E-009      0.000000E+000      1.201560E-007      0.000000E+000      6.782975E-009      0.000000E+000      1.691741E-010
  2.20000E+001  2.19814E+001  8.49070E+000  5.79603E+000      1.397852E-002      1.598500E-006      4.627843E-003      5.056477E-011      9.111570E-018      3.346328E-007      4.055042E-009      9.027902E-008      2.220144E-010      8.187767E-007      3.304973E-010      1.846641E-009      6.150816E-011      1.738447E-007      4.375712E-010      1.406106E-008      4.382787E-009      6.425529E-008      8.473552E-009      9.702556E-009      0.000000E+000      7.102028E-009      8.885862E-008      0.000000E+000      0.000000E+000      4.134657E-008      0.000000E+000      8.947612E-009      0.000000E+000      8.188532E-009      0.000000E+000      4.470540E-010      0.000000E+000      2.169198E-009      0.000000E+000      1.648990E-007      0.000000E+000      9.308778E-009      0.000000E+000      2.321701E-010
  2.40000E+001  2.39754E+001  9.46471E+000  6.66978E+000      1.848227E-002      2.113493E-006      6.118894E-003      6.690116E-011      1.398058E-017      4.424486E-007      5.361541E-009      1.193661E-007      2.935455E-010      1.082579E-006      4.369807E-010      2.441612E-009      8.132556E-011      2.298559E-007      5.785528E-010      1.859142E-008      5.794883E-009      8.495778E-008      1.120366E-008      1.282863E-008      0.000000E+000      9.390239E-009      1.174881E-007      0.000000E+000      0.000000E+000      5.466807E-008      0.000000E+000      1.183045E-008      0.000000E+000      1.082681E-008      0.000000E+000      5.910909E-010      0.000000E+000      2.868094E-009      0.000000E+000      2.180280E-007      0.000000E+000      1.230798E-008      0.000000E+000      3.069733E-010
  2.60000E+001  2.59692E+001  1.05385E+001  7.61930E+000      2.317105E-002      2.649618E-006      7.671200E-003      8.377228E-011      2.017595E-017      5.546936E-007      6.721714E-009      1.496482E-007      3.680152E-010      1.357220E-006      5.478386E-010      3.061026E-009      1.019571E-010      2.881682E-007      7.253262E-010      2.330789E-008      7.264990E-009      1.065108E-007      1.404592E-008      1.608314E-008      0.000000E+000      1.177245E-008      1.472937E-007      0.000000E+000      0.000000E+000      6.853685E-008      0.000000E+000      1.483173E-008      0.000000E+000      1.357346E-008      0.000000E+000      7.410451E-010      0.000000E+000      3.595703E-009      0.000000E+000      2.733396E-007      0.000000E+000      1.543041E-008      0.000000E+000      3.848496E-010
  2.80000E+001  2.79618E+001  1.16058E+001  8.61405E+000      2.872100E-002      3.284216E-006      9.508612E-003      1.038377E-010      2.774248E-017      6.875544E-007      8.331705E-009      1.854921E-007      4.561626E-010      1.682302E-006      6.790574E-010      3.794206E-009      1.263779E-010      3.571905E-007      8.990570E-010      2.889061E-008      9.005107E-009      1.320223E-007      1.741021E-008      1.993539E-008      0.000000E+000      1.459220E-008      1.825737E-007      0.000000E+000      0.000000E+000      8.495286E-008      0.000000E+000      1.838424E-008      0.000000E+000      1.682459E-008      0.000000E+000      9.185409E-010      0.000000E+000      4.456949E-009      0.000000E+000      3.388102E-007      0.000000E+000      1.912631E-008      0.000000E+000      4.770291E-010
  3.00000E+001  2.99532E+001  1.26524E+001  9.58111E+000      3.515968E-002      4.020441E-006      1.164025E-002      1.271280E-010      3.665875E-017      8.416904E-007      1.019951E-008      2.270757E-007      5.584252E-010      2.059441E-006      8.312886E-010      4.644792E-009      1.547094E-010      4.372655E-007      1.100608E-009      3.536731E-008      1.102387E-008      1.616191E-007      2.131324E-008      2.440451E-008      0.000000E+000      1.786349E-008      2.235030E-007      0.000000E+000      0.000000E+000      1.039976E-007      0.000000E+000      2.250562E-008      0.000000E+000      2.059633E-008      0.000000E+000      1.124460E-009      0.000000E+000      5.456108E-009      0.000000E+000      4.147647E-007      0.000000E+000      2.341405E-008      0.000000E+000      5.839696E-010
  3.50000E+001  3.49309E+001  1.55620E+001  1.21972E+001      5.190920E-002      5.935545E-006      1.718549E-002      1.867817E-010      6.499148E-017      1.242658E-006      1.505839E-008      3.352510E-007      8.244501E-010      3.040526E-006      1.227301E-009      6.857498E-009      2.284105E-010      6.455719E-007      1.624920E-009      5.221574E-008      1.627547E-008      2.386119E-007      3.146653E-008      3.603043E-008      5.810276E-038      2.637337E-008      3.299764E-007      0.000000E+000      0.000000E+000      1.535404E-007      0.000000E+000      3.322694E-008      0.000000E+000      3.040810E-008      0.000000E+000      1.660134E-009      0.000000E+000      8.055312E-009      0.000000E+000      6.123521E-007      0.000000E+000      3.456813E-008      0.000000E+000      8.621635E-010
  4.00000E+001  3.99055E+001  1.84462E+001  1.48807E+001      7.095969E-002      8.113668E-006      2.349250E-002      2.538845E-010      1.013341E-016      1.698710E-006      2.058477E-008      4.582870E-007      1.127020E-009      4.156389E-006      1.677717E-009      9.374175E-009      3.122363E-010      8.824945E-007      2.221260E-009      7.137874E-008      2.224852E-008      3.261817E-007      4.301463E-008      4.925347E-008      0.000000E+000      3.605230E-008      4.510766E-007      0.000000E+000      0.000000E+000      2.098892E-007      0.000000E+000      4.542112E-008      0.000000E+000      4.156777E-008      0.000000E+000      2.269398E-009      0.000000E+000      1.101158E-008      0.000000E+000      8.370832E-007      0.000000E+000      4.725452E-008      0.000000E+000      1.178574E-009
  5.00000E+001  4.98356E+001  2.44829E+001  2.04421E+001      1.234708E-001      1.411780E-005      4.087726E-002      4.231874E-010      1.962708E-016      2.955777E-006      3.581845E-008      7.974253E-007      1.961003E-009      7.232171E-006      2.919249E-009      1.631119E-008      5.432953E-010      1.535552E-006      3.865021E-009      1.241999E-007      3.871271E-008      5.675604E-007      7.484602E-008      8.570168E-008      1.472272E-025      6.273148E-008      7.848791E-007      0.000000E+000      0.000000E+000      3.652100E-007      0.000000E+000      7.903334E-008      0.000000E+000      7.232846E-008      0.000000E+000      3.948782E-009      0.000000E+000      1.916030E-008      0.000000E+000      1.456536E-006      0.000000E+000      8.222348E-008      0.000000E+000      2.050735E-009
  6.00000E+001  5.97595E+001  3.05325E+001  2.60516E+001      1.806476E-001      2.065522E-005      5.980670E-002      5.929778E-010      3.178165E-016      4.324539E-006      5.240433E-008      1.166697E-006      2.869142E-009      1.058124E-005      4.271095E-009      2.386457E-008      7.948845E-010      2.246635E-006      5.654835E-009      1.817145E-007      5.663979E-008      8.303863E-007      1.095057E-007      1.253884E-007      4.601467E-028      9.178117E-008      1.148341E-006      0.000000E+000      0.000000E+000      5.343314E-007      0.000000E+000      1.156321E-007      0.000000E+000      1.058223E-007      0.000000E+000      5.777384E-009      0.000000E+000      2.803305E-008      0.000000E+000      2.131028E-006      0.000000E+000      1.202995E-007      0.000000E+000      3.000389E-009
  7.00000E+001  6.94805E+001  3.66736E+001  3.19108E+001      3.901216E-001      4.438222E-005      1.292563E-001      8.712378E-010      4.634963E-016      9.313802E-006      1.173658E-007      2.576003E-006      6.144551E-009      2.282265E-005      9.223216E-009      5.143102E-008      1.714486E-009      4.850603E-006      1.219754E-008      3.920017E-007      1.241755E-007      1.794784E-006      2.361923E-007      2.704966E-007      4.173107E-012      1.988252E-007      2.480553E-006      0.000000E+000      0.000000E+000      1.154149E-006      0.000000E+000      2.497638E-007      0.000000E+000      2.285748E-007      0.000000E+000      1.247907E-008      0.000000E+000      6.055102E-008      0.000000E+000      4.602993E-006      0.000000E+000      2.598454E-007      0.000000E+000      6.480801E-009
  8.00000E+001  7.88812E+001  4.28328E+001  3.76874E+001      8.392230E-001      9.152490E-005      2.794064E-001      1.019363E-009      1.445783E-015      1.965318E-005      3.248011E-007      6.448571E-006      1.226349E-008      4.858322E-005      1.970693E-008      1.090467E-007      3.649720E-009      1.041321E-005      2.597664E-008      8.358637E-007      2.981432E-007      3.884064E-006      5.027644E-007      5.768601E-007      6.641735E-011      4.383360E-007      5.344658E-006      0.000000E+000      0.000000E+000      2.485798E-006      0.000000E+000      5.379395E-007      0.000000E+000      4.923029E-007      0.000000E+000      2.687734E-008      0.000000E+000      1.304144E-007      0.000000E+000      9.913894E-006      0.000000E+000      5.596532E-007      0.000000E+000      1.395831E-008
  8.50000E+001  8.38879E+001  4.23757E+001  3.73010E+001      6.950262E-001      4.994122E-005      4.168876E-001      1.166897E-009      3.768182E-009      1.117440E-005      5.267495E-007      3.157127E-005      7.003638E-009      3.057021E-005      1.402600E-008      5.961068E-008      2.291637E-009      8.140368E-006      1.659302E-008      5.608154E-007      7.321941E-007      4.865469E-006      3.191522E-007      3.961576E-007      3.759979E-008      1.712683E-006      6.111189E-006      0.000000E+000      0.000000E+000      2.472993E-006      0.000000E+000      5.351689E-007      0.000000E+000      4.897673E-007      0.000000E+000      2.673891E-008      0.000000E+000      1.297426E-007      0.000000E+000      9.862826E-006      0.000000E+000      5.567706E-007      0.000000E+000      1.388640E-008
  9.00000E+001  8.86105E+001  4.48295E+001  3.95291E+001      8.443146E-001      5.652157E-005      5.450171E-001      1.178644E-009      6.312268E-009      1.288519E-005      4.614790E-007      4.371160E-005      7.873367E-009      3.501822E-005      1.664044E-008      7.071599E-008      2.613349E-009      9.744610E-006      1.906402E-008      6.543436E-007      9.636057E-007      6.139937E-006      3.666887E-007      4.683253E-007      5.337849E-008      2.451310E-006      7.902520E-006      0.000000E+000      0.000000E+000      3.090192E-006      0.000000E+000      6.687318E-007      0.000000E+000      6.120522E-007      0.000000E+000      3.341143E-008      0.000000E+000      1.621052E-007      0.000000E+000      1.232583E-005      0.000000E+000      6.956417E-007      0.000000E+000      1.735273E-008
  9.50000E+001  9.26541E+001  3.08999E+001  3.02091E+001      1.274599E+000      7.441931E-005      1.024631E+000      1.122058E-009      3.591500E-008      2.940889E-002      2.281705E-003      3.143987E-003      6.367573E-008      1.170141E-002      5.044093E-006      9.265689E-008      3.776618E-009      1.555869E-005      2.663001E-008      8.973669E-006      1.607250E-006      9.953391E-006      7.071239E-007      7.352190E-007      1.071251E-007      5.163016E-006      1.601764E-005      0.000000E+000      0.000000E+000      5.218807E-006      0.000000E+000      1.129376E-006      0.000000E+000      1.033565E-006      0.000000E+000      5.642761E-008      0.000000E+000      2.737983E-007      0.000000E+000      2.081371E-005      0.000000E+000      1.174963E-006      0.000000E+000      2.930475E-008
  1.00000E+002  9.71834E+001  3.27820E+001  3.24523E+001      1.626045E+000      1.148701E-004      1.117547E+000      1.304098E-009      2.725898E-008      4.725223E-002      3.201180E-003      2.983102E-003      6.747913E-008      1.930785E-002      4.855878E-006      1.322506E-007      5.470066E-009      2.025578E-005      3.864060E-008      1.255300E-005      1.586541E-006      1.127402E-005      1.059983E-006      1.043757E-006      9.521550E-008      5.224552E-006      1.881211E-005      0.000000E+000      0.000000E+000      6.264968E-006      0.000000E+000      1.355772E-006      0.000000E+000      1.240753E-006      0.000000E+000      6.773911E-008      0.000000E+000      3.286840E-007      0.000000E+000      2.498604E-005      0.000000E+000      1.410497E-006      0.000000E+000      3.517919E-008
  1.10000E+002  1.08370E+002  5.80272E+001  5.19614E+001      9.781776E-001      6.892506E-005      6.515212E-001      1.866074E-009      1.001907E-008      1.578401E-005      5.654944E-007      5.204904E-005      9.490034E-009      3.928076E-005      1.634798E-008      8.688410E-008      2.936635E-009      1.101983E-005      2.131225E-008      7.476425E-007      1.036658E-006      7.034763E-006      4.136097E-007      5.548699E-007      6.723962E-008      3.430165E-006      9.616132E-006      0.000000E+000      0.000000E+000      3.625230E-006      0.000000E+000      7.845184E-007      0.000000E+000      7.179631E-007      0.000000E+000      3.919729E-008      0.000000E+000      1.901933E-007      0.000000E+000      1.445819E-005      0.000000E+000      8.161851E-007      0.000000E+000      2.035647E-008
  1.20000E+002  1.18244E+002  6.38441E+001  5.74198E+001      1.049515E+000      7.668580E-005      7.066087E-001      2.298548E-009      1.412818E-008      1.730478E-005      5.083280E-007      5.572988E-005      1.051369E-008      4.246622E-005      1.752966E-008      9.484505E-008      3.174386E-009      1.175116E-005      2.297680E-008      8.094666E-007      1.045948E-006      7.343440E-006      4.473643E-007      6.068095E-007      7.138362E-008      3.891326E-006      1.068146E-005      0.000000E+000      0.000000E+000      3.906535E-006      0.000000E+000      8.453943E-007      0.000000E+000      7.736745E-007      0.000000E+000      4.223887E-008      0.000000E+000      2.049516E-007      0.000000E+000      1.558010E-005      0.000000E+000      8.795183E-007      0.000000E+000      2.193607E-008
  1.30000E+002  1.28146E+002  6.95622E+001  6.27084E+001      1.105407E+000      8.309981E-005      7.487336E-001      2.667757E-009      1.748808E-008      1.840494E-005      4.572335E-007      5.880716E-005      1.141200E-008      4.479436E-005      1.843334E-008      1.002847E-007      3.348375E-009      1.231355E-005      2.419972E-008      8.568231E-007      1.045739E-006      7.511132E-006      4.725939E-007      6.456338E-007      7.530278E-008      4.283934E-006      1.157267E-005      0.000000E+000      0.000000E+000      4.124626E-006      0.000000E+000      8.925900E-007      0.000000E+000      8.168664E-007      0.000000E+000      4.459693E-008      0.000000E+000      2.163935E-007      0.000000E+000      1.644989E-005      0.000000E+000      9.286193E-007      0.000000E+000      2.316068E-008
  1.40000E+002  1.37822E+002  7.49273E+001  6.76616E+001      1.300282E+000      9.621536E-005      8.778863E-001      2.789836E-009      2.316803E-008      2.125513E-005      5.098487E-007      7.043818E-005      1.329981E-008      5.159927E-005      2.123973E-008      1.155655E-007      3.856375E-009      1.433511E-005      2.784433E-008      9.975638E-007      1.227377E-006      8.807900E-006      5.456933E-007      7.550785E-007      8.603798E-008      5.106120E-006      1.374986E-005      0.000000E+000      0.000000E+000      4.845408E-006      0.000000E+000      1.048571E-006      0.000000E+000      9.596148E-007      0.000000E+000      5.239030E-008      0.000000E+000      2.542084E-007      0.000000E+000      1.932453E-005      0.000000E+000      1.090896E-006      0.000000E+000      2.720804E-008
  1.50000E+002  1.47651E+002  8.08346E+001  7.31213E+001      1.392701E+000      1.045148E-004      9.564043E-001      2.638647E-009      2.746176E-008      2.731742E-005      6.978371E-007      8.032384E-005      1.458893E-008      5.557082E-005      2.269687E-008      1.235033E-007      4.118229E-009      1.528042E-005      2.970906E-008      1.072710E-006      1.265524E-006      9.193987E-006      5.837893E-007      8.140575E-007      9.333453E-008      5.726124E-006      1.529491E-005      0.000000E+000      0.000000E+000      5.225840E-006      0.000000E+000      1.130898E-006      0.000000E+000      1.034958E-006      0.000000E+000      5.650365E-008      0.000000E+000      2.741673E-007      0.000000E+000      2.084176E-005      0.000000E+000      1.176547E-006      0.000000E+000      2.934425E-008
  1.60000E+002  1.57370E+002  8.71807E+001  7.91997E+001      1.619619E+000      1.304554E-004      1.010280E+000      3.360216E-009      2.376792E-008      2.814735E-005      5.556442E-007      7.705769E-005      1.824334E-008      6.814628E-005      2.789781E-008      1.529508E-007      5.098175E-009      1.803678E-005      3.665227E-008      1.298434E-006      1.317847E-006      1.003223E-005      7.190465E-007      9.698897E-007      8.999090E-008      5.813227E-006      1.660172E-005      0.000000E+000      0.000000E+000      5.849544E-006      0.000000E+000      1.265871E-006      0.000000E+000      1.158480E-006      0.000000E+000      6.324738E-008      0.000000E+000      3.068893E-007      0.000000E+000      2.332923E-005      0.000000E+000      1.316968E-006      0.000000E+000      3.284648E-008
  1.70000E+002  1.67151E+002  9.37399E+001  8.54090E+001      1.809379E+000      1.481700E-004      1.039046E+000      1.146986E-008      1.347049E-008      3.179240E-005      5.952335E-007      7.911862E-005      2.096257E-008      7.699772E-005      3.147898E-008      1.728574E-007      5.762858E-009      2.023912E-005      4.138015E-008      1.464688E-006      1.430464E-006      1.085630E-005      8.116114E-007      1.087967E-006      8.865269E-008      5.914729E-006      1.724589E-005      0.000000E+000      0.000000E+000      6.334738E-006      0.000000E+000      1.370870E-006      0.000000E+000      1.254571E-006      0.000000E+000      6.849347E-008      0.000000E+000      3.323444E-007      0.000000E+000      2.526429E-005      0.000000E+000      1.426205E-006      0.000000E+000      3.557096E-008
  1.80000E+002  1.76734E+002  9.97083E+001  9.09714E+001      2.052936E+000      1.657913E-004      1.212695E+000      3.803405E-009      2.321631E-008      3.556751E-005      6.795508E-007      9.378088E-005      2.342643E-008      8.596018E-005      3.514316E-008      1.930271E-007      6.432222E-009      2.282771E-005      4.618792E-008      1.649825E-006      1.637320E-006      1.217277E-005      9.073088E-007      1.224129E-006      1.029649E-007      7.012359E-006      2.047258E-005      0.000000E+000      0.000000E+000      7.262912E-006      0.000000E+000      1.571732E-006      0.000000E+000      1.438392E-006      0.000000E+000      7.852921E-008      0.000000E+000      3.810398E-007      0.000000E+000      2.896605E-005      0.000000E+000      1.635174E-006      0.000000E+000      4.078286E-008
  1.90000E+002  1.86424E+002  1.05397E+002  9.63923E+001      2.235294E+000      1.781117E-004      1.339685E+000      4.105160E-009      2.773751E-008      3.822290E-005      7.460281E-007      1.051329E-004      2.519329E-008      9.224378E-005      3.772354E-008      2.070945E-007      6.901273E-009      2.472394E-005      4.955636E-008      1.785132E-006      1.789375E-006      1.306818E-005      9.750270E-007      1.325254E-006      1.146869E-007      7.934946E-006      2.288524E-005      0.000000E+000      0.000000E+000      7.951100E-006      0.000000E+000      1.720659E-006      0.000000E+000      1.574685E-006      0.000000E+000      8.597015E-008      0.000000E+000      4.171449E-007      0.000000E+000      3.171069E-005      0.000000E+000      1.790113E-006      0.000000E+000      4.464718E-008
  2.00000E+002  1.96455E+002  1.13176E+002  1.04099E+002      2.267110E+000      1.861895E-004      1.277657E+000      4.590504E-009      1.844086E-008      3.978458E-005      7.358976E-007      9.795488E-005      2.662132E-008      9.610169E-005      3.923727E-008      2.159231E-007      7.193698E-009      2.526071E-005      5.157688E-008      1.846614E-006      1.720097E-006      1.287782E-005      1.014555E-006      1.357752E-006      1.046567E-007      7.444690E-006      2.204608E-005      0.000000E+000      0.000000E+000      7.883121E-006      0.000000E+000      1.705948E-006      0.000000E+000      1.561222E-006      0.000000E+000      8.523514E-008      0.000000E+000      4.135784E-007      0.000000E+000      3.143958E-005      0.000000E+000      1.774808E-006      0.000000E+000      4.426547E-008
  2.10000E+002  2.06042E+002  1.19161E+002  1.09802E+002      2.488841E+000      1.979147E-004      1.468985E+000      4.910812E-009      2.363659E-008      4.232860E-005      8.143245E-007      1.164473E-004      2.853368E-008      1.020484E-004      4.173747E-008      2.291783E-007      7.635769E-009      2.738292E-005      5.476633E-008      1.993467E-006      1.926076E-006      1.418067E-005      1.081609E-006      1.476171E-006      1.269512E-007      8.949832E-006      2.551434E-005      0.000000E+000      0.000000E+000      8.802364E-006      0.000000E+000      1.904878E-006      0.000000E+000      1.743275E-006      0.000000E+000      9.517435E-008      0.000000E+000      4.618054E-007      0.000000E+000      3.510571E-005      0.000000E+000      1.981767E-006      0.000000E+000      4.942723E-008
  2.20000E+002  2.15808E+002  1.24940E+002  1.15300E+002      2.621060E+000      2.114238E-004      1.570297E+000      4.925899E-009      2.454320E-008      4.513890E-005      8.559829E-007      1.222909E-004      3.068943E-008      1.088397E-004      4.450506E-008      2.444695E-007      8.144845E-009      2.874777E-005      5.836684E-008      2.117704E-006      1.911633E-006      1.472306E-005      1.154598E-006      1.571777E-006      1.375330E-007      9.809282E-006      2.749746E-005      0.000000E+000      0.000000E+000      9.321984E-006      0.000000E+000      2.017326E-006      0.000000E+000      1.846184E-006      0.000000E+000      1.007927E-007      0.000000E+000      4.890666E-007      0.000000E+000      3.717807E-005      0.000000E+000      2.098754E-006      0.000000E+000      5.234501E-008
  2.30000E+002  2.25493E+002  1.32781E+002  1.22938E+002      2.863496E+000      2.277414E-004      1.642845E+000      5.631157E-009      1.963355E-008      4.867506E-005      9.373616E-007      1.310926E-004      3.325666E-008      1.172253E-004      4.791285E-008      2.633349E-007      8.772609E-009      3.140250E-005      6.289042E-008      2.300489E-006      2.157284E-006      1.592949E-005      1.243425E-006      1.699391E-006      1.422584E-007      1.025936E-005      2.888440E-005      0.000000E+000      0.000000E+000      1.002182E-005      0.000000E+000      2.168773E-006      0.000000E+000      1.984783E-006      0.000000E+000      1.083595E-007      0.000000E+000      5.257826E-007      0.000000E+000      3.996915E-005      0.000000E+000      2.256315E-006      0.000000E+000      5.627473E-008
  2.40000E+002  2.34951E+002  1.37322E+002  1.27265E+002      3.161613E+000      2.418875E-004      1.887088E+000      6.019465E-009      2.579386E-008      5.185880E-005      1.058348E-006      1.559604E-004      3.554277E-008      1.245478E-004      5.098444E-008      2.796329E-007      9.316142E-009      3.421305E-005      6.683803E-008      2.489751E-006      2.470674E-006      1.761833E-005      1.325800E-006      1.846275E-006      1.704475E-007      1.223747E-005      3.339645E-005      0.000000E+000      0.000000E+000      1.122870E-005      0.000000E+000      2.429949E-006      0.000000E+000      2.223802E-006      0.000000E+000      1.214088E-007      0.000000E+000      5.891003E-007      0.000000E+000      4.478247E-005      0.000000E+000      2.528033E-006      0.000000E+000      6.305166E-008
  2.50000E+002  2.44254E+002  1.43171E+002  1.32710E+002      3.550871E+000      2.629038E-004      2.194140E+000      1.767776E-008      2.701724E-008      5.654799E-005      1.255479E-006      1.856874E-004      3.888245E-008      1.356004E-004      5.565050E-008      3.036011E-007      1.013900E-008      3.804895E-005      7.278806E-008      2.755102E-006      2.842493E-006      1.965988E-005      1.447649E-006      2.049655E-006      2.020679E-007      1.457006E-005      3.921047E-005      0.000000E+000      0.000000E+000      1.277806E-005      0.000000E+000      2.765239E-006      0.000000E+000      2.530644E-006      0.000000E+000      1.381609E-007      0.000000E+000      6.703859E-007      0.000000E+000      5.096167E-005      0.000000E+000      2.876857E-006      0.000000E+000      7.175164E-008
  2.60000E+002  2.54029E+002  1.51005E+002  1.37710E+002      3.748833E+000      2.750478E-004      2.220807E+000      1.316642E-008      1.642654E-008      5.911441E-005      1.274990E-006      1.920440E-004      4.117158E-008      1.414635E-004      5.796467E-008      3.175077E-007      1.057729E-008      4.015388E-005      7.596029E-008      2.898652E-006      3.026460E-006      2.058391E-005      1.511169E-006      2.160250E-006      2.097454E-007      1.501782E-005      3.963992E-005      0.000000E+000      0.000000E+000      1.327675E-005      0.000000E+000      2.873157E-006      0.000000E+000      2.629410E-006      0.000000E+000      1.435530E-007      0.000000E+000      6.965486E-007      0.000000E+000      5.295052E-005      0.000000E+000      2.989131E-006      0.000000E+000      7.455189E-008
  2.70000E+002  2.63202E+002  1.54586E+002  1.40687E+002      4.174915E+000      2.992336E-004      2.621984E+000      1.509237E-008      2.789839E-008      6.452400E-005      1.465913E-006      2.280898E-004      4.471782E-008      1.540523E-004      6.321632E-008      3.455597E-007      1.151384E-008      4.417706E-005      8.270305E-008      3.193521E-006      3.373669E-006      2.275499E-005      1.651006E-006      2.384237E-006      2.516424E-007      1.812972E-005      4.740671E-005      0.000000E+000      0.000000E+000      1.511815E-005      0.000000E+000      3.271625E-006      0.000000E+000      2.994070E-006      0.000000E+000      1.634622E-007      0.000000E+000      7.931532E-007      0.000000E+000      6.029404E-005      0.000000E+000      3.403703E-006      0.000000E+000      8.489122E-008
  2.80000E+002  2.73064E+002  1.62950E+002  1.48868E+002      4.312576E+000      3.071456E-004      2.622513E+000      2.189851E-008      1.842190E-008      6.627578E-005      1.555359E-006      2.311798E-004      4.631110E-008      1.582609E-004      6.498714E-008      3.543401E-007      1.182948E-008      4.558701E-005      8.497065E-008      3.296963E-006      3.483958E-006      2.335399E-005      1.697010E-006      2.460893E-006      2.566547E-007      1.844487E-005      4.739617E-005      0.000000E+000      0.000000E+000      1.542460E-005      0.000000E+000      3.337963E-006      0.000000E+000      3.054784E-006      0.000000E+000      1.667763E-007      0.000000E+000      8.092330E-007      0.000000E+000      6.151661E-005      0.000000E+000      3.472699E-006      0.000000E+000      8.661255E-008
  2.90000E+002  2.82201E+002  1.68512E+002  1.53986E+002      4.812061E+000      3.402369E-004      2.986285E+000      1.652927E-008      2.272662E-008      7.349393E-005      1.718864E-006      2.637325E-004      5.135646E-008      1.750869E-004      7.185445E-008      3.927263E-007      1.308481E-008      5.069154E-005      9.399662E-008      3.672215E-006      3.866565E-006      2.574415E-005      1.879664E-006      2.739651E-006      2.894942E-007      2.101038E-005      5.459304E-005      0.000000E+000      0.000000E+000      1.734519E-005      0.000000E+000      3.753593E-006      0.000000E+000      3.435154E-006      0.000000E+000      1.875425E-007      0.000000E+000      9.099955E-007      0.000000E+000      6.917633E-005      0.000000E+000      3.905096E-006      0.000000E+000      9.739722E-008
  3.00000E+002  2.91769E+002  1.74970E+002  1.60072E+002      5.043818E+000      3.451747E-004      3.186304E+000      1.597577E-008      1.972829E-008      7.476884E-005      1.826837E-006      2.878918E-004      5.276551E-008      1.776087E-004      7.298380E-008      3.982435E-007      1.326774E-008      5.240277E-005      9.536073E-008      3.788672E-006      4.086165E-006      2.696767E-005      1.915073E-006      2.846786E-006      3.282687E-007      2.346196E-005      5.826335E-005      0.000000E+000      0.000000E+000      1.830607E-005      0.000000E+000      3.961528E-006      0.000000E+000      3.625448E-006      0.000000E+000      1.979318E-007      0.000000E+000      9.604057E-007      0.000000E+000      7.300852E-005      0.000000E+000      4.121433E-006      0.000000E+000      1.027926E-007
  3.50000E+002  3.37867E+002  2.05128E+002  1.87869E+002      7.284850E+000      4.575332E-004      4.846340E+000      1.681453E-008      2.751787E-008      1.002128E-004      2.838709E-006      4.588702E-004      7.164425E-008      2.356579E-004      9.718953E-008      5.276772E-007      1.758417E-008      7.368183E-005      1.265827E-007      5.321838E-006      6.022305E-006      3.710580E-005      2.568732E-006      4.001330E-006      5.297871E-007      3.763228E-005      9.160799E-005      0.000000E+000      0.000000E+000      2.698539E-005      0.000000E+000      5.839778E-006      0.000000E+000      5.344354E-006      0.000000E+000      2.917758E-007      0.000000E+000      1.415756E-006      0.000000E+000      1.076235E-004      0.000000E+000      6.075498E-006      0.000000E+000      1.515290E-007
  4.00000E+002  3.84077E+002  2.31810E+002  2.12581E+002      9.586242E+000      5.812908E-004      6.334871E+000      3.173986E-008      3.307241E-008      1.281083E-004      3.901021E-006      6.140647E-004      9.202802E-008      3.001015E-004      1.241888E-007      6.700471E-007      2.238322E-008      9.566525E-005      1.611650E-007      6.983695E-006      7.740742E-006      4.661168E-005      3.291978E-006      5.220656E-006      7.315116E-007      5.146231E-005      1.222443E-004      0.000000E+000      0.000000E+000      3.541549E-005      0.000000E+000      7.664095E-006      0.000000E+000      7.013904E-006      0.000000E+000      3.829251E-007      0.000000E+000      1.858031E-006      0.000000E+000      1.412446E-004      0.000000E+000      7.973453E-006      0.000000E+000      1.988658E-007
  4.50000E+002  4.26827E+002  2.74335E+002  2.59425E+002      1.373238E+001      7.061877E-004      9.437393E+000      4.631658E-009      3.273414E-012      1.590348E-004      5.854983E-006      9.887872E-004      1.175234E-007      3.646514E-004      1.518922E-007      8.143255E-007      2.712507E-008      1.298881E-004      1.960282E-007      9.491879E-006      1.138378E-005      6.330124E-005      4.206376E-006      7.024430E-006      1.290691E-006      8.825635E-005      1.842131E-004      0.000000E+000      0.000000E+000      5.154284E-005      0.000000E+000      1.115414E-005      0.000000E+000      1.020786E-005      0.000000E+000      5.572997E-007      0.000000E+000      2.704133E-006      0.000000E+000      2.055639E-004      0.000000E+000      1.160437E-005      0.000000E+000      2.894245E-007
  5.00000E+002  4.73880E+002  2.96349E+002  2.73564E+002      1.541994E+001      8.428649E-004      1.069670E+001      1.049742E-008      1.806982E-008      1.888151E-004      6.648990E-006      1.082434E-003      1.378358E-007      4.348726E-004      1.804387E-007      9.721802E-007      3.239058E-008      1.486624E-004      2.335870E-007      1.103610E-005      1.229244E-005      6.868639E-005      4.858273E-006      8.116689E-006      1.334951E-006      9.129141E-005      2.160950E-004      0.000000E+000      0.000000E+000      5.809942E-005      0.000000E+000      1.257282E-005      0.000000E+000      1.150633E-005      0.000000E+000      6.281899E-007      0.000000E+000      3.048087E-006      0.000000E+000      2.317106E-004      0.000000E+000      1.308040E-005      0.000000E+000      3.262405E-007
  5.50000E+002  5.14532E+002  3.25988E+002  3.00777E+002      1.987001E+001      9.873355E-004      1.559339E+001      7.589123E-009      1.006334E-008      2.251258E-004      9.189583E-006      1.577000E-003      1.679867E-007      5.103459E-004      2.132205E-007      1.138687E-006      3.793431E-008      1.821634E-004      2.738576E-007      1.374053E-005      1.518733E-005      8.340667E-005      5.805466E-006      1.015560E-005      1.916628E-006      1.359345E-004      3.254588E-004      0.000000E+000      0.000000E+000      7.890895E-005      0.000000E+000      1.707631E-005      0.000000E+000      1.562762E-005      0.000000E+000      8.531920E-007      0.000000E+000      4.139863E-006      0.000000E+000      3.147058E-004      0.000000E+000      1.776559E-005      0.000000E+000      4.430913E-007
  6.00000E+002  5.60442E+002  3.59777E+002  3.36058E+002      2.369788E+001      1.072130E-003      1.585551E+001      6.076478E-009      8.651075E-012      2.457445E-004      1.035771E-005      1.777249E-003      1.844289E-007      5.544353E-004      2.318034E-007      1.236393E-006      4.118418E-008      2.127185E-004      2.982183E-007      1.611114E-005      1.849494E-005      9.522527E-005      6.489417E-006      1.182928E-005      2.661465E-006      1.716445E-004      3.220215E-004      0.000000E+000      0.000000E+000      8.798527E-005      0.000000E+000      1.904032E-005      0.000000E+000      1.742509E-005      0.000000E+000      9.513268E-007      0.000000E+000      4.616031E-006      0.000000E+000      3.509033E-004      0.000000E+000      1.980894E-005      0.000000E+000      4.940559E-007
  6.50000E+002  6.01975E+002  3.89212E+002  3.60549E+002      2.669955E+001      1.208036E-003      2.131920E+001      7.255453E-009      2.866283E-009      2.800421E-004      1.269840E-005      2.221611E-003      2.110483E-007      6.254577E-004      2.625142E-007      1.393525E-006      4.641987E-008      2.382246E-004      3.357040E-007      1.836405E-005      2.001217E-005      1.031247E-004      7.257171E-006      1.317738E-005      2.812245E-006      1.902184E-004      4.596588E-004      0.000000E+000      0.000000E+000      1.068486E-004      0.000000E+000      2.312259E-005      0.000000E+000      2.116096E-005      0.000000E+000      1.155286E-006      0.000000E+000      5.605686E-006      0.000000E+000      4.261351E-004      0.000000E+000      2.405592E-005      0.000000E+000      5.999789E-007
  7.00000E+002  6.47092E+002  4.21622E+002  3.91186E+002      3.012831E+001      1.534287E-003      2.277257E+001      7.652299E-009      2.088743E-009      3.499006E-004      1.406479E-005      2.307765E-003      2.582485E-007      7.927417E-004      3.306609E-007      1.770358E-006      5.897031E-008      2.737549E-004      4.248381E-007      2.151032E-005      2.049569E-005      1.146195E-004      9.033963E-006      1.532590E-005      2.949594E-006      2.050239E-004      4.922816E-004      0.000000E+000      0.000000E+000      1.177012E-004      0.000000E+000      2.547113E-005      0.000000E+000      2.331027E-005      0.000000E+000      1.272627E-006      0.000000E+000      6.175048E-006      0.000000E+000      4.694174E-004      0.000000E+000      2.649927E-005      0.000000E+000      6.609181E-007
  7.50000E+002  6.90894E+002  6.16982E+002  3.02437E+002      3.452049E+001      1.306640E-003      2.453661E+001      7.638134E-009      3.729645E-011      4.654164E-004      5.490709E-004      1.713696E-002      4.653248E-007      2.252685E-002      5.813538E-005      1.520169E-006      5.875222E-008      3.403782E-003      5.008546E-007      2.619310E-005      2.750665E-005      2.293602E-003      1.534998E-005      1.665241E-005      4.387246E-006      2.574759E-004      5.292242E-004      0.000000E+000      0.000000E+000      1.314560E-004      0.000000E+000      2.844774E-005      0.000000E+000      2.603435E-005      0.000000E+000      1.421349E-006      0.000000E+000      6.896677E-006      0.000000E+000      5.242745E-004      0.000000E+000      2.959602E-005      0.000000E+000      7.381543E-007
  8.00000E+002  7.36915E+002  3.82546E+002  3.82510E+002      3.748416E+001      1.855322E-003      2.557028E+001      8.058583E-009      3.785979E-011      1.499373E-003      1.517190E-003      7.564434E-003      3.971465E-007      1.599303E-002      1.844311E-005      2.151002E-006      7.228539E-008      6.375140E-004      5.264775E-007      2.746509E-005      2.486198E-005      2.166016E-004      1.287374E-005      1.889068E-005      3.882667E-006      2.602655E-004      5.549880E-004      0.000000E+000      0.000000E+000      1.403155E-004      0.000000E+000      3.036500E-005      0.000000E+000      2.778896E-005      0.000000E+000      1.517142E-006      0.000000E+000      7.361484E-006      0.000000E+000      5.596083E-004      0.000000E+000      3.159067E-005      0.000000E+000      7.879028E-007
  9.00000E+002  8.24754E+002  7.54016E+002  4.04180E+002      4.408067E+001      2.098396E-003      3.112508E+001      9.011685E-009      2.088533E-009      8.889525E-004      1.127339E-003      1.269364E-002      5.099023E-007      1.747063E-002      4.579992E-005      2.432529E-006      8.690913E-008      2.587571E-003      6.835745E-007      3.495597E-005      2.972006E-005      1.692448E-003      1.761151E-005      2.206014E-005      4.842532E-006      2.933804E-004      6.932703E-004      0.000000E+000      0.000000E+000      1.673668E-004      0.000000E+000      3.621904E-005      0.000000E+000      3.314636E-005      0.000000E+000      1.809630E-006      0.000000E+000      8.780696E-006      0.000000E+000      6.674946E-004      0.000000E+000      3.768100E-005      0.000000E+000      9.398016E-007
  1.00000E+003  9.12279E+002  8.20521E+002  3.96315E+002      5.188961E+001      2.098823E-003      3.576952E+001      1.001256E-008      1.735301E-009      1.788226E-003      1.281470E-003      1.590218E-002      5.635934E-007      3.018647E-002      7.094516E-005      2.440057E-006      9.032565E-008      4.600414E-003      7.612189E-007      4.276055E-005      3.777583E-005      3.524439E-003      2.670239E-005      2.521963E-005      6.608924E-006      3.495802E-004      8.065925E-004      0.000000E+000      0.000000E+000      1.951075E-004      0.000000E+000      4.222226E-005      0.000000E+000      3.864029E-005      0.000000E+000      2.109572E-006      0.000000E+000      1.023608E-005      0.000000E+000      7.781303E-004      0.000000E+000      4.392654E-005      0.000000E+000      1.095572E-006
  1.25000E+003  1.12976E+003  1.03532E+003  5.13684E+002      7.205726E+001      2.140892E-003      4.810916E+001      1.286704E-008      1.152007E-009      1.991190E-003      1.051141E-003      1.669534E-002      5.849271E-007      3.561090E-002      8.248549E-005      2.487440E-006      9.434420E-008      5.505329E-003      7.994186E-007      5.853758E-005      5.535916E-005      4.509821E-003      3.466160E-005      3.279829E-005      1.163600E-005      5.095572E-004      1.111067E-003      0.000000E+000      0.000000E+000      2.674209E-004      0.000000E+000      5.787127E-005      0.000000E+000      5.296170E-005      0.000000E+000      2.891451E-006      0.000000E+000      1.402991E-005      0.000000E+000      1.066532E-003      0.000000E+000      6.020721E-005      0.000000E+000      1.501628E-006
  1.50000E+003  1.35127E+003  7.44223E+002  7.43970E+002      9.129544E+001      2.258554E-003      5.740289E+001      1.582283E-008      3.383279E-010      8.443506E-004      1.094161E-003      1.262646E-002      5.438370E-007      9.701921E-003      1.810684E-005      2.615021E-006      9.046950E-008      1.840958E-003      7.121333E-007      7.317888E-005      6.978984E-005      1.153810E-003      2.010639E-005      3.863949E-005      1.720271E-005      6.705266E-004      1.338689E-003      0.000000E+000      0.000000E+000      3.307690E-004      0.000000E+000      7.158010E-005      0.000000E+000      6.550753E-005      0.000000E+000      3.576393E-006      0.000000E+000      1.735339E-005      0.000000E+000      1.319177E-003      0.000000E+000      7.446940E-005      0.000000E+000      1.857341E-006
  1.75000E+003  1.56111E+003  8.64065E+002  8.64065E+002      1.147225E+002      2.420680E-003      7.413925E+001      1.875739E-008      3.282173E-010      7.161211E-004      2.592407E-004      1.424501E-002      5.941592E-007      3.637317E-003      5.973129E-006      2.797379E-006      9.550680E-008      1.089167E-003      7.083128E-007      9.165385E-005      8.385517E-005      4.375979E-004      2.570013E-005      4.452936E-005      2.374096E-005      8.907341E-004      1.778723E-003      0.000000E+000      0.000000E+000      4.200960E-004      0.000000E+000      9.091094E-005      0.000000E+000      8.319842E-005      0.000000E+000      4.542230E-006      0.000000E+000      2.203983E-005      0.000000E+000      1.675433E-003      0.000000E+000      9.458052E-005      0.000000E+000      2.358932E-006
  2.00000E+003  1.77739E+003  5.53510E+002  5.53189E+002      1.364629E+002      2.518480E-003      8.597441E+001      2.179311E-008      4.494801E-012      2.073675E-003      5.446168E-004      3.957444E-002      1.029149E-006      9.687351E-002      1.639271E-004      2.958412E-006      1.548966E-005      9.690176E-003      1.134540E-006      4.327758E-004      1.116207E-004      1.573760E-002      6.723404E-004      1.042010E-004      4.248291E-005      1.096978E-003      2.104227E-003      0.000000E+000      0.000000E+000      4.947968E-004      0.000000E+000      1.070766E-004      0.000000E+000      9.799261E-005      0.000000E+000      5.349921E-006      0.000000E+000      2.595891E-005      0.000000E+000      1.973355E-003      0.000000E+000      1.113987E-004      0.000000E+000      2.778393E-006
