# Initial composition Z = 0.00000000001
# 0.00000E+000  0.00000E+000  0.00000E+000  0.00000E+000  0.00000E+000  0.00000E+000          SN      7.514600E-001      2.248800E-005      2.484800E-001      2.720200E-009      1.084700E-019      1.798200E-012      2.179000E-014      4.851100E-013      1.193000E-015      4.399700E-012      1.775900E-015      9.922900E-015      3.305100E-016      9.341600E-013      2.351300E-015      7.555700E-014      2.355100E-014      3.452800E-013      4.553300E-014      5.213700E-014      0.000000E+000      3.816300E-014      4.774800E-013      2.236200E-014      4.281200E-015      2.221800E-013      5.372600E-015      4.808000E-014      2.414200E-015      4.400100E-014      3.187600E-017      2.402200E-015      2.440900E-016      1.165600E-014      6.463200E-015      8.860900E-013      2.349300E-015      5.002100E-014      4.939400E-016      1.247600E-015
# total ejecta
           Min          Mfin          M_HE          M_CO          Mrem          Mbar         SNT                  H                HE3                HE4                LI7                BE7                C12                C13                N14                N15                O16                O17                O18                F19               NE20               NE21               NE22               NA23               MG24               MG25               MG26               AL26               AL27               SI28               SI29                  P                  S                 CL                 AR                  K                 CA                 SC                 TI                  V                 CR                 MN                 FE                 CO                 NI                 CU                 ZN
  1.40000E+001  1.40000E+001  3.84314E+000  2.78639E+000  1.49550E+000  1.66324E+000        CCSN      6.795588E+000      5.591895E-005      4.344147E+000      1.937454E-013      2.684888E-011      1.824630E-001      6.010756E-008      2.390463E-005      5.216009E-009      5.713624E-001      1.868346E-007      5.704454E-006      3.547659E-009      1.056894E-001      8.941249E-006      7.995432E-005      4.044601E-004      7.048280E-002      2.338062E-004      3.608299E-004      1.456891E-015      8.902178E-004      1.133429E-001      6.645258E-004      0.000000E+000      4.889747E-002      5.467183E-005      8.925820E-003      1.904607E-005      7.524593E-003      7.046550E-008      1.510771E-004      8.152996E-006      1.746252E-003      3.930557E-004      7.849095E-002      2.002830E-005      1.917791E-003      1.304614E-005      4.995876E-005
  1.60000E+001  1.60000E+001  4.60993E+000  3.42571E+000  1.46074E+000  1.62078E+000        CCSN      7.632949E+000      5.675277E-005      4.834987E+000      1.473188E-014      7.211619E-011      2.124632E-001      1.836900E-007      3.302630E-005      5.875575E-009      9.979905E-001      3.238891E-007      3.834514E-006      5.426920E-009      3.072263E-001      1.988978E-005      9.157443E-005      1.147763E-003      1.226636E-001      4.534698E-004      7.823203E-004      1.440542E-014      1.982868E-003      1.121795E-001      6.980371E-004      0.000000E+000      4.672414E-002      4.479111E-005      8.692600E-003      1.728352E-005      7.556969E-003      6.940775E-008      1.516104E-004      1.008308E-005      1.726403E-003      4.712722E-004      7.943444E-002      4.569499E-005      2.421625E-003      7.910626E-006      4.082374E-005
  1.80000E+001  1.80000E+001  5.62532E+000  4.22466E+000  1.46122E+000  1.62135E+000        CCSN      8.190382E+000      5.839199E-005      5.438122E+000      6.525110E-015      5.239457E-011      2.927813E-001      3.174602E-011      4.509733E-006      1.135489E-008      1.488528E+000      5.596377E-007      4.925599E-006      1.590104E-008      5.132735E-001      3.219977E-005      1.759792E-004      1.972527E-003      1.665826E-001      6.108027E-004      1.083484E-003      4.129716E-015      2.831907E-003      1.184556E-001      7.005839E-004      0.000000E+000      4.927266E-002      3.720874E-005      9.380716E-003      1.599752E-005      8.290366E-003      7.501262E-008      1.421895E-004      1.171033E-005      1.789410E-003      5.370980E-004      8.042588E-002      5.963392E-005      2.990530E-003      8.697735E-006      4.368424E-005
  2.00000E+001  2.00000E+001  6.72586E+000  4.97336E+000  1.56980E+000  1.75462E+000        CCSN      8.965153E+000      6.002677E-005      5.891121E+000      1.643065E-012      3.753779E-009      3.812909E-001      1.131584E-005      2.618375E-004      3.165509E-008      1.926452E+000      1.172924E-006      3.255019E-006      1.283446E-006      5.930838E-001      4.143933E-005      1.823277E-004      2.491747E-003      1.550572E-001      4.698944E-004      8.117336E-004      1.246215E-013      2.348790E-003      1.247726E-001      6.056568E-004      0.000000E+000      5.346723E-002      4.267044E-005      1.025951E-002      1.943771E-005      8.970418E-003      9.296821E-008      1.673001E-004      7.388139E-006      1.784764E-003      3.666913E-004      1.082677E-001      1.401144E-005      2.959157E-003      3.188748E-005      1.223540E-004
  2.20000E+001  2.20000E+001  7.43305E+000  5.84459E+000  1.68152E+000  1.89358E+000        CCSN      9.446062E+000      6.170013E-005      6.523968E+000      2.509776E-015      4.161693E-011      4.875267E-001      1.232887E-010      2.206632E-005      4.360658E-008      2.431994E+000      1.378929E-006      1.751234E-006      2.531097E-008      6.941255E-001      5.229430E-005      2.252241E-004      3.099860E-003      1.467015E-001      3.290909E-004      5.429378E-004      2.228596E-013      1.896896E-003      1.708477E-001      5.155473E-004      0.000000E+000      8.222956E-002      4.956747E-005      1.626333E-002      2.563638E-005      1.417873E-002      1.296717E-007      1.710159E-004      1.280863E-005      3.014427E-003      6.389491E-004      7.818442E-002      7.942085E-006      5.611187E-004      9.485979E-007      2.469329E-006
  2.40000E+001  2.40000E+001  8.41456E+000  6.71851E+000  1.67358E+000  1.88364E+000        CCSN      9.987826E+000      6.309632E-005      7.097751E+000      2.020066E-015      3.517585E-011      5.074813E-001      9.554817E-008      3.208502E-005      3.443621E-008      3.092418E+000      1.466506E-006      1.356344E-006      2.450864E-008      8.713859E-001      6.651831E-005      2.229394E-004      3.771723E-003      1.851926E-001      4.059029E-004      7.224404E-004      5.654015E-013      2.470241E-003      1.698925E-001      6.250774E-004      0.000000E+000      7.846504E-002      4.845709E-005      1.546975E-002      2.199677E-005      1.389261E-002      1.226719E-007      1.609765E-004      1.016349E-005      2.807133E-003      5.380880E-004      7.751220E-002      8.973102E-006      6.197900E-004      2.042710E-006      5.546825E-006
  2.60000E+001  2.60000E+001  9.41649E+000  7.66816E+000  2.55000E+001  2.60000E+001         FSN      2.058531E-008      2.352445E-012      6.806945E-009      2.768926E-019      8.880269E-027      4.925970E-020      5.969231E-022      1.328954E-020      3.268166E-023      1.205282E-019      4.865091E-023      2.718350E-022      9.054322E-024      2.559083E-020      6.441273E-023      2.069862E-021      6.451689E-022      9.458710E-021      1.247351E-021      1.428267E-021      0.000000E+000      1.045455E-021      1.308045E-020      0.000000E+000      0.000000E+000      6.086428E-021      0.000000E+000      1.317135E-021      0.000000E+000      1.205394E-021      0.000000E+000      6.580865E-023      0.000000E+000      3.193171E-022      0.000000E+000      2.427398E-020      0.000000E+000      1.370300E-021      0.000000E+000      3.417664E-023
  2.80000E+001  2.80000E+001  1.11776E+001  8.73387E+000  2.75000E+001  2.80000E+001         FSN      2.446108E-008      2.795264E-012      8.088547E-009      3.258710E-019      1.407312E-026      5.853425E-020      7.093110E-022      1.579167E-020      3.883492E-023      1.432210E-019      5.781084E-023      3.230158E-022      1.075906E-023      3.040904E-020      7.654027E-023      2.459572E-021      7.666403E-022      1.123958E-020      1.482200E-021      1.697179E-021      0.000000E+000      1.242292E-021      1.554322E-020      0.000000E+000      0.000000E+000      7.232372E-021      0.000000E+000      1.565123E-021      0.000000E+000      1.432344E-021      0.000000E+000      7.819901E-023      0.000000E+000      3.794376E-022      0.000000E+000      2.884425E-020      0.000000E+000      1.628298E-021      0.000000E+000      4.061137E-023
  3.00000E+001  3.00000E+001  1.20832E+001  9.79984E+000  2.95000E+001  3.00000E+001         FSN      2.857121E-008      3.264840E-012      9.447640E-009      3.777672E-019      2.144617E-026      6.836958E-020      8.284943E-022      1.844510E-020      4.536023E-023      1.672860E-019      6.752462E-023      3.772911E-022      1.256687E-023      3.551858E-020      8.940110E-023      2.872847E-021      8.954566E-022      1.312814E-020      1.731250E-021      1.982350E-021      0.000000E+000      1.451031E-021      1.815489E-020      0.000000E+000      0.000000E+000      8.447605E-021      0.000000E+000      1.828106E-021      0.000000E+000      1.673016E-021      0.000000E+000      9.133855E-023      0.000000E+000      4.431934E-022      0.000000E+000      3.369086E-020      0.000000E+000      1.901896E-021      0.000000E+000      4.743518E-023
  3.50000E+001  3.50000E+001  1.41840E+001  1.24647E+001  3.45000E+001  3.50000E+001         FSN      3.911345E-008      4.469143E-012      1.293364E-008      5.170969E-019      5.149396E-026      9.359669E-020      1.134193E-021      2.525100E-020      6.209732E-023      2.290115E-019      9.243995E-023      5.165045E-022      1.720381E-023      4.862427E-020      1.223884E-022      3.932874E-021      1.225863E-021      1.797217E-020      2.370049E-021      2.713801E-021      0.000000E+000      1.986434E-021      2.485371E-020      0.000000E+000      0.000000E+000      1.156462E-020      0.000000E+000      2.502643E-021      0.000000E+000      2.290328E-021      0.000000E+000      1.250408E-022      0.000000E+000      6.067235E-022      0.000000E+000      4.612217E-020      0.000000E+000      2.603661E-021      0.000000E+000      6.493787E-023
  4.00000E+001  4.00000E+001  1.69108E+001  1.50753E+001  3.95000E+001  4.00000E+001         FSN      5.000839E-008      5.713575E-012      1.653627E-008      6.659037E-019      1.013236E-025      1.196678E-019      1.450120E-021      3.228459E-020      7.939435E-023      2.928019E-019      1.181888E-022      6.603754E-022      2.199588E-023      6.216843E-020      1.564794E-022      5.028364E-021      1.567324E-021      2.297827E-020      3.030219E-021      3.469722E-021      0.000000E+000      2.539750E-021      3.177665E-020      0.000000E+000      0.000000E+000      1.478591E-020      0.000000E+000      3.199747E-021      0.000000E+000      2.928293E-021      0.000000E+000      1.598705E-022      0.000000E+000      7.757246E-022      0.000000E+000      5.896937E-020      0.000000E+000      3.328903E-021      0.000000E+000      8.302614E-023
  5.00000E+001  5.00000E+001  2.24259E+001  1.96538E+001  4.95000E+001  5.00000E+001         FSN      8.098410E-008      8.769577E-012      2.717217E-008      9.896896E-019      3.485400E-023      2.056905E-019      9.725083E-021      3.845485E-018      2.036745E-022      4.794804E-019      2.736674E-022      1.016620E-021      3.411766E-023      9.865938E-020      2.744941E-022      7.793096E-021      3.248969E-021      3.756655E-020      4.734112E-021      5.515200E-021      1.294839E-024      4.122288E-021      6.109895E-020      0.000000E+000      0.000000E+000      2.403217E-020      0.000000E+000      5.200685E-021      0.000000E+000      4.759479E-021      0.000000E+000      2.598444E-022      0.000000E+000      1.260818E-021      0.000000E+000      9.584542E-020      0.000000E+000      5.410609E-021      0.000000E+000      1.349459E-022
  6.00000E+001  6.00000E+001  2.74660E+001  2.55773E+001  5.95000E+001  6.00000E+001         FSN      1.523938E-007      1.248744E-011      5.877250E-008      1.353215E-018      8.453857E-018      8.514850E-019      2.038019E-019      9.997092E-017      2.318164E-021      1.283604E-018      1.732692E-021      1.466605E-021      4.985679E-023      1.641405E-019      6.454192E-022      1.138148E-020      1.323317E-020      6.899564E-020      7.110577E-021      9.173725E-021      2.002179E-023      7.860970E-021      2.882399E-019      0.000000E+000      0.000000E+000      4.692883E-020      0.000000E+000      1.015565E-020      0.000000E+000      9.294088E-021      0.000000E+000      5.074122E-022      0.000000E+000      2.462065E-021      0.000000E+000      1.871626E-019      0.000000E+000      1.056559E-020      0.000000E+000      2.635160E-022
  7.00000E+001  7.00000E+001  3.19386E+001  2.87108E+001  6.95000E+001  7.00000E+001         FSN      3.148355E-007      1.639353E-011      1.505641E-007      1.789283E-018      4.384768E-017      4.439943E-018      1.408341E-018      6.730746E-016      1.472046E-020      4.990772E-018      9.233007E-021      1.954303E-021      7.210087E-023      2.897718E-019      1.528672E-021      1.630145E-020      3.754906E-020      1.210302E-019      1.101109E-020      1.640033E-020      9.516400E-023      1.596079E-020      1.221551E-018      0.000000E+000      0.000000E+000      1.034598E-019      0.000000E+000      2.238925E-020      0.000000E+000      2.048982E-020      0.000000E+000      1.118645E-021      0.000000E+000      5.427897E-021      0.000000E+000      4.126205E-019      0.000000E+000      2.329299E-020      0.000000E+000      5.809499E-022
  8.00000E+001  8.00000E+001  3.30771E+001  3.02139E+001  7.95000E+001  8.00000E+001         FSN      5.445052E-007      2.211167E-011      3.130820E-007      2.938507E-018      6.651038E-016      2.872461E-010      1.538089E-010      4.101666E-010      7.161321E-015      1.365846E-009      1.422706E-012      6.438894E-016      4.019354E-017      4.441594E-012      1.396161E-016      2.187173E-015      2.547416E-018      9.120230E-014      1.920180E-015      3.352518E-016      2.118849E-018      1.316452E-019      3.410096E-018      0.000000E+000      0.000000E+000      1.911376E-019      0.000000E+000      4.136318E-020      0.000000E+000      3.785408E-020      0.000000E+000      2.066649E-021      0.000000E+000      1.002780E-020      0.000000E+000      7.622971E-019      0.000000E+000      4.303277E-020      0.000000E+000      1.073279E-021
  8.50000E+001  8.50000E+001  3.25492E+001  3.04746E+001  8.45000E+001  8.50000E+001         FSN      6.865093E-007      2.328377E-011      4.123101E-007      3.223781E-018      1.264281E-015      1.167204E-009      4.155375E-010      9.441082E-010      1.658364E-014      4.017163E-009      3.374740E-012      1.647385E-015      9.789154E-017      9.306416E-012      3.327525E-016      8.356631E-015      9.235367E-018      1.767251E-013      5.064340E-015      9.266980E-016      5.962372E-018      3.230851E-019      4.866929E-018      0.000000E+000      0.000000E+000      2.457045E-019      0.000000E+000      5.317174E-020      0.000000E+000      4.866086E-020      0.000000E+000      2.656642E-021      0.000000E+000      1.289058E-020      0.000000E+000      9.799225E-019      0.000000E+000      5.531797E-020      0.000000E+000      1.379684E-021
  9.00000E+001  9.00000E+001  3.28608E+001  3.06785E+001  8.95000E+001  9.00000E+001         FSN      8.641284E-007      2.858709E-011      5.560309E-007      5.663040E-018      2.176892E-015      4.803942E-009      7.085007E-010      1.127128E-009      1.984753E-014      9.260781E-009      3.675417E-012      1.947256E-015      1.428706E-016      9.524433E-012      2.779039E-016      2.817235E-014      1.859432E-017      1.408426E-013      8.404472E-015      1.703903E-015      5.555184E-018      3.055434E-019      6.755424E-018      0.000000E+000      0.000000E+000      3.193488E-019      0.000000E+000      6.910878E-020      0.000000E+000      6.324580E-020      0.000000E+000      3.452916E-021      0.000000E+000      1.675425E-020      0.000000E+000      1.273631E-018      0.000000E+000      7.189823E-020      0.000000E+000      1.793214E-021
  9.50000E+001  9.50000E+001  3.31846E+001  3.13637E+001  9.45000E+001  9.50000E+001         FSN      1.021503E-006      3.350053E-011      6.852601E-007      8.944727E-018      4.001490E-015      9.507861E-009      1.268583E-009      1.676767E-009      2.939396E-014      1.521758E-008      5.456879E-012      2.600331E-015      2.123512E-016      1.293800E-011      4.351039E-016      5.279967E-014      3.199206E-017      2.027844E-013      1.251683E-014      2.616132E-015      8.071008E-018      4.910707E-019      8.733506E-018      0.000000E+000      0.000000E+000      3.857227E-019      0.000000E+000      8.347237E-020      0.000000E+000      7.639089E-020      0.000000E+000      4.170573E-021      0.000000E+000      2.023648E-020      0.000000E+000      1.538343E-018      0.000000E+000      8.684172E-020      0.000000E+000      2.165918E-021
  1.00000E+002  1.00000E+002  3.29625E+001  3.16407E+001  9.95000E+001  1.00000E+002         FSN      1.118415E-006      3.679581E-011      7.797818E-007      1.022360E-017      4.032476E-015      1.475329E-008      2.169341E-009      3.049855E-009      5.345068E-014      2.215618E-008      8.873350E-012      4.357185E-015      3.275706E-016      1.563564E-011      6.665551E-016      8.253235E-014      5.730501E-017      2.438004E-013      1.684495E-014      3.605833E-015      1.153136E-017      6.805110E-019      1.041113E-017      0.000000E+000      0.000000E+000      4.315195E-019      0.000000E+000      9.338295E-020      0.000000E+000      8.546084E-020      0.000000E+000      4.665742E-021      0.000000E+000      2.263912E-020      0.000000E+000      1.720992E-018      0.000000E+000      9.715240E-020      0.000000E+000      2.423077E-021
  1.10000E+002  1.10000E+002  5.38522E+001  4.95930E+001  4.65835E+001  4.70835E+001       PPISN      2.490400E+001      6.226419E-006      3.018696E+001      1.051720E-008      3.255808E-009      3.250534E+000      1.087544E-008      1.500670E-006      2.380144E-011      4.426857E+000      2.600795E-011      3.155399E-015      1.739951E-008      1.285711E-001      6.586011E-011      1.169018E-005      1.552972E-013      1.953878E-002      6.884883E-006      1.070368E-006      1.552963E-015      5.642869E-014      7.067599E-007      0.000000E+000      0.000000E+000      1.443883E-011      0.000000E+000      3.033043E-012      0.000000E+000      2.775731E-012      0.000000E+000      1.515414E-013      0.000000E+000      7.353105E-013      0.000000E+000      5.589716E-011      0.000000E+000      3.155470E-012      0.000000E+000      7.870054E-014
  1.20000E+002  1.20000E+002  5.95672E+001  5.51168E+001  4.70213E+001  4.75213E+001       PPISN      2.840377E+001      3.956770E-006      3.320454E+001      7.277139E-009      2.405314E-009      1.269101E+000      2.111867E-008      1.694221E-006      3.064205E-011      9.025267E+000      2.831064E-011      2.980021E-015      1.572134E-008      4.921193E-001      2.315855E-011      2.929604E-007      3.194934E-013      8.391574E-002      2.152382E-005      3.063205E-006      1.742844E-015      5.596454E-014      3.385811E-006      0.000000E+000      0.000000E+000      1.843074E-011      0.000000E+000      3.494240E-012      0.000000E+000      3.197803E-012      0.000000E+000      1.745846E-013      0.000000E+000      8.471195E-013      0.000000E+000      6.439668E-011      0.000000E+000      3.635287E-012      0.000000E+000      9.066760E-014
  1.30000E+002  1.30000E+002  6.65740E+001  6.27088E+001  0.00000E+000  0.00000E+000        PISN      2.943560E+001      3.672036E-006      3.599941E+001      1.220432E-009      1.810901E-009      7.062291E+000      2.582105E-007      8.147979E-005      7.451998E-007      5.043029E+001      4.376796E-006      2.880268E-006      1.670760E-008      5.114780E+000      5.166030E-004      1.906511E-004      9.358305E-003      1.568259E+000      3.874523E-003      3.802772E-003      1.077324E-015      3.454270E-002      3.228769E-001      2.009012E-003      2.777766E-003      1.224279E-003      5.709796E-005      1.382631E-005      1.368342E-007      1.532069E-008      1.435008E-011      4.069167E-011      1.127507E-012      2.809289E-012      8.517799E-014      1.342758E-003      1.599009E-014      3.221213E-012      6.047536E-015      8.832852E-014
  1.40000E+002  1.40000E+002  7.35027E+001  6.98590E+001  0.00000E+000  0.00000E+000        PISN      3.110991E+001      4.066445E-006      3.686169E+001      1.182995E-009      2.027390E-009      4.389935E+000      6.683971E-007      4.625717E-005      6.798111E-006      4.486073E+001      8.393670E-007      8.939436E-007      1.320144E-008      3.938559E+000      1.668336E-004      1.899663E-005      3.009673E-003      3.352397E+000      2.476519E-003      1.706551E-003      9.469546E-016      1.694503E-002      1.094374E+001      2.273064E-002      2.383755E-003      3.625877E+000      1.533171E-003      4.592300E-001      1.309767E-003      2.788440E-001      2.782826E-006      4.254235E-004      5.072622E-005      5.390440E-003      2.138841E-003      1.147228E-001      3.967937E-006      2.147867E-003      4.220693E-012      1.866425E-011
  1.50000E+002  1.50000E+002  7.93801E+001  7.58034E+001  0.00000E+000  0.00000E+000        PISN      3.282822E+001      4.169807E-006      3.924937E+001      1.310025E-009      9.703385E-010      4.329602E+000      8.762374E-007      4.259636E-005      6.691317E-006      4.651123E+001      7.507569E-007      8.195027E-007      1.236445E-008      4.179863E+000      2.442080E-004      1.955490E-005      3.011900E-003      3.648374E+000      2.334690E-003      1.725372E-003      9.509981E-016      1.598998E-002      1.342889E+001      2.224156E-002      1.923879E-003      4.635694E+000      1.439784E-003      5.908122E-001      1.139683E-003      3.636643E-001      3.014455E-006      6.391143E-004      6.535067E-005      8.585620E-003      2.890708E-003      1.680097E-001      4.309816E-006      2.469750E-003      4.741664E-012      2.283252E-011
  1.60000E+002  1.60000E+002  8.58669E+001  8.20817E+001  0.00000E+000  0.00000E+000        PISN      3.443853E+001      4.577944E-006      4.112995E+001      1.309900E-009      1.524846E-009      4.269547E+000      8.095845E-007      3.814554E-005      6.551793E-006      4.649696E+001      6.486553E-007      7.925785E-007      1.263427E-008      4.184313E+000      2.907952E-004      2.204732E-005      2.947293E-003      4.018374E+000      3.498294E-003      1.813244E-003      9.062499E-016      1.679326E-002      1.697462E+001      2.128705E-002      1.607702E-003      6.348008E+000      1.287535E-003      8.558329E-001      9.221283E-004      5.696222E-001      3.229000E-006      1.910010E-003      1.250877E-004      3.133343E-002      6.415218E-003      6.190247E-001      4.679831E-006      3.670933E-003      5.149159E-012      2.620341E-011
  1.70000E+002  1.70000E+002  9.15880E+001  8.78763E+001  0.00000E+000  0.00000E+000        PISN      3.599560E+001      4.185028E-006      4.382968E+001      1.611496E-009      1.263889E-009      4.185026E+000      5.178828E-007      3.487554E-005      6.437984E-006      4.568243E+001      5.756040E-007      7.774109E-007      1.480508E-008      4.062307E+000      2.291062E-004      2.267061E-005      2.861240E-003      4.284919E+000      4.325159E-003      1.964676E-003      9.458317E-016      1.736064E-002      1.990091E+001      2.063863E-002      1.421560E-003      7.989077E+000      1.153132E-003      1.150779E+000      7.438894E-004      8.350405E-001      3.398473E-006      4.438647E-003      2.247413E-004      8.631524E-002      1.399206E-002      1.921109E+000      5.222076E-006      6.110695E-003      5.840772E-012      2.789842E-011
  1.80000E+002  1.80000E+002  9.79349E+001  9.40199E+001  0.00000E+000  0.00000E+000        PISN      3.771582E+001      4.339662E-006      4.579888E+001      1.578217E-009      1.385738E-009      4.060201E+000      4.106055E-007      3.255462E-005      6.422759E-006      4.444392E+001      5.210742E-007      7.907098E-007      1.657215E-008      4.027585E+000      2.008135E-004      2.324927E-005      2.785218E-003      4.398295E+000      4.448310E-003      1.978137E-003      7.892709E-016      1.688092E-002      2.240130E+001      1.985746E-002      1.260417E-003      9.513183E+000      1.024400E-003      1.450051E+000      5.824270E-004      1.126769E+000      3.533377E-006      8.050468E-003      3.666643E-004      1.801215E-001      2.883256E-002      4.782026E+000      9.999500E-006      1.423531E-002      1.884686E-009      5.720710E-009
  1.90000E+002  1.90000E+002  1.02983E+002  9.93668E+001  0.00000E+000  0.00000E+000        PISN      3.922271E+001      3.240360E-006      4.930028E+001      1.525322E-009      1.258975E-009      3.914538E+000      3.234214E-007      3.116932E-005      6.477708E-006      4.318396E+001      4.875418E-007      8.034346E-007      1.833154E-008      3.940677E+000      1.710501E-004      2.316302E-005      2.718230E-003      4.404012E+000      4.448931E-003      1.997537E-003      8.169012E-016      1.647887E-002      2.393500E+001      1.939990E-002      1.213854E-003      1.046907E+001      9.354845E-004      1.647801E+000      4.797209E-004      1.327802E+000      3.581912E-006      1.074522E-002      4.521920E-004      2.525216E-001      3.949295E-002      8.234865E+000      4.031583E-004      6.639136E-002      1.350004E-006      1.371449E-005
  2.00000E+002  2.00000E+002  1.10084E+002  1.06152E+002  0.00000E+000  0.00000E+000        PISN      4.067356E+001      5.100841E-006      5.090594E+001      1.717192E-009      3.523720E-009      3.743768E+000      1.703569E-007      2.862821E-005      6.770996E-006      4.112143E+001      4.449465E-007      8.240677E-007      2.038350E-008      3.903097E+000      1.648378E-004      2.461414E-005      2.663135E-003      4.317727E+000      4.546225E-003      1.912514E-003      8.220627E-016      1.550792E-002      2.523492E+001      1.811401E-002      1.082648E-003      1.142240E+001      8.289825E-004      1.853679E+000      3.716567E-004      1.543706E+000      3.593442E-006      1.389735E-002      5.047151E-004      3.294085E-001      4.638064E-002      1.457922E+001      2.319174E-003      2.611733E-001      1.187897E-005      1.388733E-004
  2.10000E+002  2.10000E+002  1.16280E+002  1.12146E+002  0.00000E+000  0.00000E+000        PISN      4.237974E+001      5.776074E-006      5.316844E+001      1.718260E-009      4.885416E-009      3.724576E+000      1.716856E-007      2.420096E-005      7.040689E-006      3.936131E+001      4.029929E-007      8.387750E-007      2.458724E-008      3.849936E+000      1.467814E-004      2.394930E-005      2.695153E-003      4.512445E+000      3.967948E-003      1.919350E-003      1.049604E-015      1.479386E-002      2.569793E+001      1.754240E-002      1.157097E-003      1.185372E+001      7.631291E-004      1.952787E+000      3.208039E-004      1.645999E+000      3.554342E-006      1.601900E-002      5.152146E-004      3.724735E-001      4.827296E-002      2.082411E+001      5.276555E-003      5.411224E-001      3.302014E-005      4.076898E-004
  2.20000E+002  2.20000E+002  1.22007E+002  1.18010E+002  0.00000E+000  0.00000E+000        PISN      4.389299E+001      3.496101E-006      5.625369E+001      1.596132E-009      2.346172E-009      3.671262E+000      1.583936E-007      1.865475E-005      7.128518E-006      3.723117E+001      3.548882E-007      8.659835E-007      2.683201E-008      3.897540E+000      1.584823E-004      2.374781E-005      2.769151E-003      4.499537E+000      3.612869E-003      1.804495E-003      5.515874E-016      1.368343E-002      2.546888E+001      1.616396E-002      1.053372E-003      1.192746E+001      7.066020E-004      1.990846E+000      2.961015E-004      1.699707E+000      3.475201E-006      1.795292E-002      5.133860E-004      4.006093E-001      4.851849E-002      2.799383E+001      9.582346E-003      9.532667E-001      6.623792E-005      8.424896E-004
  2.30000E+002  2.30000E+002  1.28303E+002  1.24311E+002  0.00000E+000  0.00000E+000        PISN      4.558458E+001      1.396359E-006      5.878401E+001      4.511174E-010      3.422327E-011      3.532503E+000      1.221991E-007      1.340852E-005      6.782398E-006      3.426568E+001      2.997455E-007      8.616873E-007      2.642417E-008      3.796391E+000      1.390024E-004      2.122880E-005      2.791586E-003      4.395787E+000      3.504070E-003      1.727476E-003      5.551135E-016      1.323698E-002      2.451778E+001      1.500937E-002      1.030812E-003      1.154445E+001      6.568512E-004      1.951417E+000      3.040287E-004      1.685903E+000      3.362236E-006      1.991380E-002      5.000029E-004      4.136206E-001      4.786346E-002      3.770202E+001      1.700082E-002      1.698867E+000      1.256638E-004      1.632814E-003
  2.40000E+002  2.40000E+002  1.34295E+002  1.30302E+002  2.39500E+002  2.40000E+002         DBH      4.772107E-005      3.619558E-009      2.816099E-005      1.278131E-014      1.159769E-014      2.677682E-015      8.879244E-016      3.961591E-013      8.314875E-018      2.366469E-015      4.508628E-018      4.300100E-019      1.554093E-020      4.563899E-017      1.163589E-019      3.515851E-018      1.336968E-018      1.686808E-017      2.211869E-018      2.558036E-018      1.790252E-021      1.865498E-018      2.506854E-016      0.000000E+000      0.000000E+000      1.687478E-017      0.000000E+000      3.651789E-018      0.000000E+000      3.341986E-018      0.000000E+000      1.824562E-019      0.000000E+000      8.853148E-019      0.000000E+000      6.730022E-017      0.000000E+000      3.799191E-018      0.000000E+000      9.475562E-020
  2.50000E+002  2.50000E+002  1.40029E+002  1.36268E+002  2.49500E+002  2.50000E+002         DBH      5.911989E-005      4.226050E-009      3.573080E-005      1.041640E-014      1.084574E-014      3.322734E-015      1.103644E-015      4.860570E-013      1.017255E-017      2.861481E-015      5.207952E-018      5.009646E-019      1.838728E-020      5.506253E-017      1.442691E-019      4.147460E-018      1.710783E-018      2.035215E-017      2.654967E-018      3.098761E-018      4.021751E-021      2.250640E-018      3.106998E-016      0.000000E+000      0.000000E+000      2.109383E-017      0.000000E+000      4.564813E-018      0.000000E+000      4.177552E-018      0.000000E+000      2.280740E-019      0.000000E+000      1.106662E-018      0.000000E+000      8.412670E-017      0.000000E+000      4.749070E-018      0.000000E+000      1.184465E-019
  2.60000E+002  2.60000E+002  1.46366E+002  1.42193E+002  2.59500E+002  2.60000E+002         DBH      9.635895E-005      7.928257E-009      5.309208E-005      2.171622E-014      2.214597E-014      4.664992E-015      1.535191E-015      6.855340E-013      1.438210E-017      4.176564E-015      7.837477E-018      9.394952E-019      3.323522E-020      9.613298E-017      2.437100E-019      7.532100E-018      2.681406E-018      3.553025E-017      4.672005E-018      5.376804E-018      1.992815E-021      3.928324E-018      4.341379E-016      0.000000E+000      0.000000E+000      3.323157E-017      0.000000E+000      7.191485E-018      0.000000E+000      6.581387E-018      0.000000E+000      3.593117E-019      0.000000E+000      1.743454E-018      0.000000E+000      1.325346E-016      0.000000E+000      7.481765E-018      0.000000E+000      1.866026E-019
  2.70000E+002  2.70000E+002  1.51786E+002  1.47037E+002  2.69500E+002  2.70000E+002         DBH      1.235876E-004      9.434197E-009      6.951385E-005      1.631968E-014      1.928644E-014      5.676407E-015      1.869466E-015      8.393811E-013      1.774307E-017      5.172955E-015      9.634986E-018      1.125178E-018      4.070395E-020      1.192425E-016      3.049080E-019      9.206883E-018      3.467289E-018      4.407234E-017      5.784902E-018      6.678606E-018      4.069087E-021      4.872274E-018      5.664142E-016      0.000000E+000      0.000000E+000      4.293884E-017      0.000000E+000      9.292188E-018      0.000000E+000      8.503876E-018      0.000000E+000      4.642702E-019      0.000000E+000      2.252735E-018      0.000000E+000      1.712493E-016      0.000000E+000      9.667262E-018      0.000000E+000      2.411111E-019
  2.80000E+002  2.80000E+002  1.57707E+002  1.53395E+002  2.79500E+002  2.80000E+002         DBH      1.571455E-004      1.100860E-008      9.538645E-005      2.193003E-014      2.310680E-014      8.518053E-015      2.826956E-015      1.270613E-012      2.679321E-017      7.678101E-015      1.444990E-017      1.313203E-018      4.851107E-020      1.436933E-016      3.706627E-019      1.093892E-017      4.341469E-018      5.310956E-017      6.956665E-018      8.061053E-018      6.866434E-021      5.871144E-018      8.233257E-016      0.000000E+000      0.000000E+000      5.616090E-017      0.000000E+000      1.215351E-017      0.000000E+000      1.112245E-017      0.000000E+000      6.072318E-019      0.000000E+000      2.946413E-018      0.000000E+000      2.239817E-016      0.000000E+000      1.264408E-017      0.000000E+000      3.153559E-019
  2.90000E+002  2.90000E+002  1.63965E+002  1.60082E+002  2.89500E+002  2.90000E+002         DBH      2.249921E-004      1.808819E-008      1.253674E-004      4.975278E-014      5.619639E-014      1.165475E-014      3.848293E-015      1.715378E-012      3.577203E-017      1.027566E-014      1.918984E-017      2.158369E-018      7.735907E-020      2.227051E-016      5.634592E-019      1.752706E-017      6.128003E-018      8.230957E-017      1.083532E-017      1.244539E-017      2.995520E-021      9.099113E-018      1.016761E-015      0.000000E+000      0.000000E+000      7.790642E-017      0.000000E+000      1.685935E-017      0.000000E+000      1.542907E-017      0.000000E+000      8.423522E-019      0.000000E+000      4.087266E-018      0.000000E+000      3.107075E-016      0.000000E+000      1.753987E-017      0.000000E+000      4.374618E-019
  3.00000E+002  3.00000E+002  1.69261E+002  1.64489E+002  2.99500E+002  3.00000E+002         DBH      2.371785E-004      1.684826E-008      1.449577E-004      4.471652E-014      5.678768E-014      1.306893E-014      4.332866E-015      2.029607E-012      4.275018E-017      1.267615E-014      2.513421E-017      2.007168E-018      7.384913E-020      2.157894E-016      5.491027E-019      1.664480E-017      6.291220E-018      7.975338E-017      1.048293E-017      1.207276E-017      5.556721E-021      8.815756E-018      1.268566E-015      0.000000E+000      0.000000E+000      8.498475E-017      0.000000E+000      1.839114E-017      0.000000E+000      1.683091E-017      0.000000E+000      9.188859E-019      0.000000E+000      4.458622E-018      0.000000E+000      3.389375E-016      0.000000E+000      1.913349E-017      0.000000E+000      4.772082E-019
  3.50000E+002  3.49999E+002  1.99020E+002  1.93276E+002  3.49499E+002  3.49999E+002         DBH      8.148056E-004      5.887717E-008      4.981962E-004      1.526604E-013      2.308240E-013      4.355103E-014      1.441718E-014      6.914025E-012      1.464669E-016      4.401477E-014      8.837212E-017      6.997467E-018      2.538248E-019      7.307413E-016      1.849907E-018      5.719017E-017      2.043703E-017      2.700706E-016      3.555414E-017      4.083400E-017      1.024965E-020      2.985197E-017      4.256794E-015      0.000000E+000      0.000000E+000      2.920040E-016      0.000000E+000      6.319118E-017      0.000000E+000      5.783029E-017      0.000000E+000      3.157253E-018      0.000000E+000      1.531964E-017      0.000000E+000      1.164575E-015      0.000000E+000      6.574186E-017      0.000000E+000      1.639667E-018
  4.00000E+002  3.99997E+002  2.27875E+002  2.21413E+002  3.99497E+002  3.99997E+002         DBH      1.938854E-003      1.370920E-007      1.173865E-003      2.146281E-013      4.644548E-013      1.002294E-013      3.317209E-014      1.616898E-011      3.433435E-016      1.025087E-013      2.077203E-016      1.634650E-017      6.016505E-019      1.717140E-015      4.324949E-018      1.355108E-016      4.685818E-017      6.346266E-016      8.360964E-017      9.589842E-017      1.451720E-020      7.014770E-017      9.763356E-015      0.000000E+000      0.000000E+000      6.922386E-016      0.000000E+000      1.498040E-016      0.000000E+000      1.370952E-016      0.000000E+000      7.484734E-018      0.000000E+000      3.631746E-017      0.000000E+000      2.760796E-015      0.000000E+000      1.558508E-016      0.000000E+000      3.887074E-018
  4.50000E+002  4.49995E+002  2.57432E+002  2.49734E+002  4.49495E+002  4.49995E+002         DBH      3.355858E-003      2.528197E-007      2.009312E-003      5.473628E-013      1.908649E-012      1.871006E-013      6.195260E-014      2.969906E-011      6.217893E-016      1.797306E-013      3.534337E-016      3.012380E-017      1.088361E-018      3.087648E-015      7.708985E-018      2.457019E-016      8.223381E-017      1.141157E-015      1.502951E-016      1.724562E-016      3.373450E-020      1.261635E-016      1.626477E-014      0.000000E+000      0.000000E+000      1.193143E-015      0.000000E+000      2.582024E-016      0.000000E+000      2.362976E-016      0.000000E+000      1.290070E-017      0.000000E+000      6.259683E-017      0.000000E+000      4.758512E-015      0.000000E+000      2.686246E-016      0.000000E+000      6.699765E-018
  5.00000E+002  4.99989E+002  2.86856E+002  2.77392E+002  4.99489E+002  4.99989E+002         DBH      6.966366E-003      5.708746E-007      3.995683E-003      8.523174E-013      6.535756E-012      3.714929E-013      1.225496E-013      5.855743E-011      1.221785E-015      3.499178E-013      6.775853E-016      6.723459E-017      2.356550E-018      6.637302E-015      1.660178E-017      5.338360E-016      1.706861E-016      2.453053E-015      3.233656E-016      3.705132E-016      2.503205E-020      2.711499E-016      3.095237E-014      0.000000E+000      0.000000E+000      2.437654E-015      0.000000E+000      5.275209E-016      0.000000E+000      4.827681E-016      0.000000E+000      2.635679E-017      0.000000E+000      1.278885E-016      0.000000E+000      9.721886E-015      0.000000E+000      5.488140E-016      0.000000E+000      1.368797E-017
  5.50000E+002  5.49979E+002  3.16808E+002  3.06584E+002  5.49479E+002  5.49979E+002         DBH      1.324202E-002      9.626738E-007      8.116764E-003      1.389041E-012      8.424142E-012      7.247774E-013      2.401319E-013      1.181401E-010      2.510015E-015      7.119223E-013      1.433519E-015      1.150160E-016      4.115931E-018      1.158596E-014      2.895499E-017      9.294564E-016      3.007246E-016      4.282032E-015      5.640492E-016      6.469784E-016      1.137174E-019      4.734758E-016      6.527701E-014      0.000000E+000      0.000000E+000      4.750093E-015      0.000000E+000      1.027945E-015      0.000000E+000      9.407379E-016      0.000000E+000      5.135972E-017      0.000000E+000      2.492079E-016      0.000000E+000      1.894439E-014      0.000000E+000      1.069437E-015      0.000000E+000      2.667282E-017
  6.00000E+002  5.99975E+002  3.45963E+002  3.33835E+002  5.99475E+002  5.99975E+002         DBH      1.656725E-002      1.395605E-006      8.896887E-003      1.272632E-012      1.377718E-011      7.414080E-013      2.427980E-013      1.179542E-010      2.478141E-015      6.892638E-013      1.337474E-015      1.648487E-016      5.704446E-018      1.618936E-014      4.036903E-017      1.304801E-015      4.136225E-016      5.983466E-015      7.887222E-016      9.037607E-016      6.804241E-020      6.613940E-016      6.300378E-014      0.000000E+000      0.000000E+000      5.661918E-015      0.000000E+000      1.225268E-015      0.000000E+000      1.121321E-015      0.000000E+000      6.121870E-017      0.000000E+000      2.970457E-016      0.000000E+000      2.258094E-014      0.000000E+000      1.274726E-015      0.000000E+000      3.179292E-017
  6.50000E+002  6.49947E+002  3.73447E+002  3.63667E+002  6.49447E+002  6.49947E+002         DBH      3.547984E-002      3.125974E-006      1.784794E-002      2.623923E-012      2.817894E-011      1.331905E-012      4.319436E-013      2.122328E-010      4.502444E-015      1.280610E-012      2.458232E-015      3.682155E-016      1.261492E-017      3.582241E-014      8.924525E-017      2.891775E-015      9.104411E-016      1.323985E-014      1.745271E-015      1.999741E-015      1.429661E-019      1.463500E-015      1.167318E-013      0.000000E+000      0.000000E+000      1.185616E-014      0.000000E+000      2.565735E-015      0.000000E+000      2.348068E-015      0.000000E+000      1.281931E-016      0.000000E+000      6.220191E-016      0.000000E+000      4.728491E-014      0.000000E+000      2.669299E-015      0.000000E+000      6.657497E-017
  7.00000E+002  6.99943E+002  4.04457E+002  3.92291E+002  6.99443E+002  6.99943E+002         DBH      3.593768E-002      2.845146E-006      2.152211E-002      2.588857E-012      5.156525E-011      2.091204E-012      6.921905E-013      3.326015E-010      6.917811E-015      1.787080E-012      3.480541E-015      3.359885E-016      1.158838E-017      3.280561E-014      8.159561E-017      2.644881E-015      8.403945E-016      1.212523E-014      1.594633E-015      1.832252E-015      8.447193E-019      1.342931E-015      1.640751E-013      0.000000E+000      0.000000E+000      1.277834E-014      0.000000E+000      2.765299E-015      0.000000E+000      2.530702E-015      0.000000E+000      1.381641E-016      0.000000E+000      6.704003E-016      0.000000E+000      5.096277E-014      0.000000E+000      2.876919E-015      0.000000E+000      7.175323E-017
  7.50000E+002  7.49889E+002  4.30200E+002  4.21848E+002  7.49937E+002  7.49437E+002         NOT      7.413599E-002      6.416957E-006      3.669796E-002      2.125062E-012      4.883816E-011      2.664187E-012      8.627318E-013      4.161602E-010      8.747278E-015      2.472426E-012      4.589505E-015      7.619149E-016      2.611535E-017      7.478364E-014      1.854957E-016      6.028246E-015      1.918051E-015      2.764203E-014      3.633391E-015      4.178004E-015      2.309017E-018      3.061933E-015      2.277383E-013      0.000000E+000      0.000000E+000      2.464064E-014      0.000000E+000      5.332361E-015      0.000000E+000      4.879985E-015      0.000000E+000      2.664234E-016      0.000000E+000      1.292741E-015      0.000000E+000      9.827215E-014      0.000000E+000      5.547600E-015      0.000000E+000      1.383626E-016
  8.00000E+002  7.99897E+002  4.61828E+002  4.48424E+002  7.99397E+002  7.99897E+002         DBH      6.644888E-002      5.674419E-006      3.656000E-002      1.891746E-012      8.163797E-011      3.359861E-012      1.104368E-012      5.327775E-010      1.110204E-014      2.790852E-012      5.360411E-015      6.656857E-016      2.266751E-017      6.411387E-014      1.592614E-016      5.180157E-015      1.625754E-015      2.369608E-014      3.122717E-015      3.579469E-015      4.613125E-019      2.619635E-015      2.575004E-013      0.000000E+000      0.000000E+000      2.290480E-014      0.000000E+000      4.956717E-015      0.000000E+000      4.536210E-015      0.000000E+000      2.476550E-016      0.000000E+000      1.201673E-015      0.000000E+000      9.134926E-014      0.000000E+000      5.156793E-015      0.000000E+000      1.286156E-016
  9.00000E+002  8.99835E+002  5.21155E+002  5.05181E+002  8.99335E+002  8.99835E+002         DBH      1.079682E-001      9.298427E-006      5.691443E-002      1.506169E-012      8.992737E-011      4.930746E-012      1.613641E-012      7.654200E-010      1.587201E-014      3.941550E-012      7.260105E-015      1.095435E-015      3.722613E-017      1.065564E-013      2.632969E-016      8.651737E-015      2.732696E-015      3.923547E-014      5.172693E-015      5.990160E-015      2.267876E-017      4.522897E-015      3.699479E-013      0.000000E+000      0.000000E+000      3.666040E-014      0.000000E+000      7.933500E-015      0.000000E+000      7.260454E-015      0.000000E+000      3.963855E-016      0.000000E+000      1.923344E-015      0.000000E+000      1.462095E-013      0.000000E+000      8.253733E-015      0.000000E+000      2.058563E-016
  1.00000E+003  9.99810E+002  5.76945E+002  5.38722E+002  9.99310E+002  9.99810E+002         DBH      1.420243E-001      1.543788E-005      4.830562E-002      1.329265E-014      1.731568E-012      5.975205E-013      9.712764E-014      5.148184E-011      1.333413E-015      1.024372E-012      9.082201E-016      1.791968E-015      5.984999E-017      1.705014E-013      4.262746E-016      1.381248E-014      4.319188E-015      6.296427E-014      8.293178E-015      9.519386E-015      6.847986E-018      7.058751E-015      1.177116E-013      0.000000E+000      0.000000E+000      4.229180E-014      0.000000E+000      9.152164E-015      0.000000E+000      8.375731E-015      0.000000E+000      4.572741E-016      0.000000E+000      2.218788E-015      0.000000E+000      1.686688E-013      0.000000E+000      9.521587E-015      0.000000E+000      2.374778E-016
  1.25000E+003  1.24942E+003  7.24426E+002  6.90051E+002  1.24892E+003  1.24942E+003         DBH      4.217371E-001      4.314934E-005      1.556512E-001      8.526704E-014      1.149777E-010      4.596949E-012      1.265075E-012      6.135183E-010      1.325997E-014      4.698941E-012      6.171183E-015      5.016118E-015      1.681377E-016      4.829895E-013      1.197559E-015      3.950990E-014      1.228062E-014      1.774544E-013      2.348654E-014      2.715375E-014      1.451720E-016      2.054002E-014      5.267369E-013      0.000000E+000      0.000000E+000      1.283108E-013      0.000000E+000      2.776713E-014      0.000000E+000      2.541148E-014      0.000000E+000      1.387343E-015      0.000000E+000      6.731672E-015      0.000000E+000      5.117311E-013      0.000000E+000      2.888794E-014      0.000000E+000      7.204937E-016
  1.50000E+003  1.49886E+003  8.73407E+002  8.22491E+002  1.49836E+003  1.49886E+003         DBH      8.501399E-001      9.154325E-005      2.905569E-001      2.147821E-013      1.542530E-011      4.476776E-012      9.129434E-013      4.596405E-010      1.132782E-014      6.299090E-012      6.062094E-015      1.058457E-014      3.536351E-016      1.011807E-012      2.515731E-015      8.205905E-014      2.565810E-014      3.736947E-013      4.918771E-014      5.643412E-014      6.106287E-017      4.185643E-014      7.324790E-013      0.000000E+000      0.000000E+000      2.534672E-013      0.000000E+000      5.485162E-014      0.000000E+000      5.019822E-014      0.000000E+000      2.740579E-015      0.000000E+000      1.329785E-014      0.000000E+000      1.010882E-012      0.000000E+000      5.706568E-014      0.000000E+000      1.423274E-015
  1.75000E+003  1.74845E+003  1.02185E+003  9.61981E+002  1.74795E+003  1.74845E+003         DBH      1.150015E+000      1.227721E-004      3.978731E-001      5.019545E-013      1.486944E-011      5.998828E-012      1.197448E-012      6.187830E-010      1.507475E-014      8.762295E-012      8.324207E-015      1.419588E-014      4.743863E-016      1.355853E-012      3.378316E-015      1.107408E-013      3.428766E-014      4.989418E-013      6.601093E-014      7.593372E-014      2.864885E-016      5.665490E-014      1.056829E-012      0.000000E+000      0.000000E+000      3.439517E-013      0.000000E+000      7.443300E-014      0.000000E+000      6.811841E-014      0.000000E+000      3.718934E-015      0.000000E+000      1.804503E-014      0.000000E+000      1.371756E-012      0.000000E+000      7.743750E-014      0.000000E+000      1.931367E-015
  2.00000E+003  1.99726E+003  1.17406E+003  1.10356E+003  1.99676E+003  1.99726E+003         DBH      2.036103E+000      2.097147E-004      7.060100E-001      1.096782E-012      3.500362E-011      1.438465E-011      3.577623E-012      1.685294E-009      3.979440E-014      1.589732E-011      1.784445E-014      2.422882E-014      8.123332E-016      2.349696E-012      5.779391E-015      1.940729E-013      5.963271E-014      8.630798E-013      1.137241E-013      1.304753E-013      2.936543E-016      1.028836E-013      1.990640E-012      0.000000E+000      0.000000E+000      6.093177E-013      0.000000E+000      1.318595E-013      0.000000E+000      1.206731E-013      0.000000E+000      6.588162E-015      0.000000E+000      3.196711E-014      0.000000E+000      2.430090E-012      0.000000E+000      1.371819E-013      0.000000E+000      3.421454E-015
