# Initial composition Z = 0.00000000001
# 0.00000E+000  0.00000E+000  0.00000E+000  0.00000E+000      7.514600E-001      2.248800E-005      2.484800E-001      2.720200E-009      1.084700E-019      1.798200E-012      2.179000E-014      4.851100E-013      1.193000E-015      4.399700E-012      1.775900E-015      9.922900E-015      3.305100E-016      9.341600E-013      2.351300E-015      7.555700E-014      2.355100E-014      3.452800E-013      4.553300E-014      5.213700E-014      0.000000E+000      3.816300E-014      4.774800E-013      2.236200E-014      4.281200E-015      2.221800E-013      5.372600E-015      4.808000E-014      2.414200E-015      4.400100E-014      3.187600E-017      2.402200E-015      2.440900E-016      1.165600E-014      6.463200E-015      8.860900E-013      2.349300E-015      5.002100E-014      4.939400E-016      1.247600E-015
# winds ejecta
           Min          Mfin          M_HE          M_CO                  H                HE3                HE4                LI7                BE7                C12                C13                N14                N15                O16                O17                O18                F19               NE20               NE21               NE22               NA23               MG24               MG25               MG26               AL26               AL27               SI28               SI29                  P                  S                 CL                 AR                  K                 CA                 SC                 TI                  V                 CR                 MN                 FE                 CO                 NI                 CU                 ZN
  1.40000E+001  1.40000E+001  3.84314E+000  2.78639E+000      3.702370E-009      4.232036E-013      1.224263E-009      5.955374E-020      4.986465E-029      8.859602E-021      1.073596E-022      2.390189E-021      5.877959E-024      2.167759E-020      8.750108E-024      4.889088E-023      1.628465E-024      4.602638E-021      1.158495E-023      3.722749E-022      1.160368E-022      1.701196E-021      2.243422E-022      2.568808E-022      0.000000E+000      1.880303E-022      2.352583E-021      0.000000E+000      0.000000E+000      1.094674E-021      0.000000E+000      2.368932E-022      0.000000E+000      2.167961E-022      0.000000E+000      1.183601E-023      0.000000E+000      5.743076E-023      0.000000E+000      4.365796E-021      0.000000E+000      2.464553E-022      0.000000E+000      6.146838E-024
  1.60000E+001  1.60000E+001  4.60993E+000  3.42571E+000      5.356385E-009      6.122357E-013      1.771196E-009      8.439968E-020      2.211762E-028      1.281758E-020      1.553219E-022      3.457994E-021      8.503907E-024      3.136194E-020      1.265917E-023      7.073263E-023      2.355973E-024      6.658843E-021      1.676047E-023      5.385867E-022      1.678757E-022      2.461196E-021      3.245659E-022      3.716410E-022      0.000000E+000      2.720319E-022      3.403588E-021      0.000000E+000      0.000000E+000      1.583714E-021      0.000000E+000      3.427240E-022      0.000000E+000      3.136487E-022      0.000000E+000      1.712369E-023      0.000000E+000      8.308765E-023      0.000000E+000      6.316193E-021      0.000000E+000      3.565579E-022      0.000000E+000      8.892907E-024
  1.80000E+001  1.80000E+001  5.62532E+000  4.22466E+000      7.914468E-009      9.045952E-013      2.617077E-009      1.143684E-019      6.261076E-028      1.893896E-020      2.295000E-022      5.109450E-021      1.256517E-023      4.633966E-020      1.870490E-023      1.045129E-022      3.481130E-024      9.838949E-021      2.476487E-023      7.958031E-022      2.480491E-022      3.636606E-021      4.795709E-022      5.491280E-022      0.000000E+000      4.019479E-022      5.029061E-021      0.000000E+000      0.000000E+000      2.340059E-021      0.000000E+000      5.064009E-022      0.000000E+000      4.634399E-022      0.000000E+000      2.530156E-023      0.000000E+000      1.227684E-022      0.000000E+000      9.332658E-021      0.000000E+000      5.268415E-022      0.000000E+000      1.313995E-023
  2.00000E+001  2.00000E+001  6.72586E+000  4.97336E+000      1.026803E-008      1.173536E-012      3.395331E-009      1.491418E-019      1.476289E-027      2.457093E-020      2.977476E-022      6.628873E-021      1.630174E-023      6.011992E-020      2.426727E-023      1.355924E-022      4.516331E-024      1.276481E-020      3.212932E-023      1.032455E-021      3.218128E-022      4.718042E-021      6.221834E-022      7.124250E-022      0.000000E+000      5.214772E-022      6.524579E-021      0.000000E+000      0.000000E+000      3.035934E-021      0.000000E+000      6.569919E-022      0.000000E+000      6.012553E-022      0.000000E+000      3.282561E-023      0.000000E+000      1.592766E-022      0.000000E+000      1.210796E-020      0.000000E+000      6.835111E-022      0.000000E+000      1.704744E-023
  2.20000E+001  2.20000E+001  7.43305E+000  5.84459E+000      1.364698E-008      1.559669E-012      4.512648E-009      1.881072E-019      2.966084E-027      3.265660E-020      3.957288E-022      8.810267E-021      2.166623E-023      7.990385E-020      3.225301E-023      1.802124E-022      6.002541E-024      1.696538E-020      4.270227E-023      1.372210E-021      4.277132E-022      6.270629E-021      8.269281E-022      9.468659E-022      0.000000E+000      6.930821E-022      8.671652E-021      0.000000E+000      0.000000E+000      4.034983E-021      0.000000E+000      8.731912E-022      0.000000E+000      7.991132E-022      0.000000E+000      4.362769E-023      0.000000E+000      2.116905E-022      0.000000E+000      1.609238E-020      0.000000E+000      9.084372E-022      0.000000E+000      2.265732E-023
  2.40000E+001  2.40000E+001  8.41456E+000  6.71851E+000      1.702419E-008      1.945563E-012      5.629388E-009      2.307910E-019      5.344863E-027      4.073810E-020      4.936593E-022      1.099053E-020      2.702795E-023      9.967758E-020      4.023463E-023      2.248094E-022      7.487984E-024      2.116379E-020      5.326975E-023      1.711789E-021      5.335589E-022      7.822416E-021      1.031567E-021      1.181186E-021      0.000000E+000      8.645985E-022      1.081762E-020      0.000000E+000      0.000000E+000      5.033516E-021      0.000000E+000      1.089279E-021      0.000000E+000      9.968689E-022      0.000000E+000      5.442419E-023      0.000000E+000      2.640773E-022      0.000000E+000      2.007474E-020      0.000000E+000      1.133247E-021      0.000000E+000      2.826431E-023
  2.60000E+001  2.60000E+001  9.41649E+000  7.66816E+000      2.058531E-008      2.352445E-012      6.806945E-009      2.768926E-019      8.880269E-027      4.925970E-020      5.969231E-022      1.328954E-020      3.268166E-023      1.205282E-019      4.865091E-023      2.718350E-022      9.054322E-024      2.559083E-020      6.441273E-023      2.069862E-021      6.451689E-022      9.458710E-021      1.247351E-021      1.428267E-021      0.000000E+000      1.045455E-021      1.308045E-020      0.000000E+000      0.000000E+000      6.086428E-021      0.000000E+000      1.317135E-021      0.000000E+000      1.205394E-021      0.000000E+000      6.580865E-023      0.000000E+000      3.193171E-022      0.000000E+000      2.427398E-020      0.000000E+000      1.370300E-021      0.000000E+000      3.417664E-023
  2.80000E+001  2.80000E+001  1.11776E+001  8.73387E+000      2.446108E-008      2.795264E-012      8.088547E-009      3.258710E-019      1.407312E-026      5.853425E-020      7.093110E-022      1.579167E-020      3.883492E-023      1.432210E-019      5.781084E-023      3.230158E-022      1.075906E-023      3.040904E-020      7.654027E-023      2.459572E-021      7.666403E-022      1.123958E-020      1.482200E-021      1.697179E-021      0.000000E+000      1.242292E-021      1.554322E-020      0.000000E+000      0.000000E+000      7.232372E-021      0.000000E+000      1.565123E-021      0.000000E+000      1.432344E-021      0.000000E+000      7.819901E-023      0.000000E+000      3.794376E-022      0.000000E+000      2.884425E-020      0.000000E+000      1.628298E-021      0.000000E+000      4.061137E-023
  3.00000E+001  3.00000E+001  1.20832E+001  9.79984E+000      2.857121E-008      3.264840E-012      9.447640E-009      3.777672E-019      2.144617E-026      6.836958E-020      8.284943E-022      1.844510E-020      4.536023E-023      1.672860E-019      6.752462E-023      3.772911E-022      1.256687E-023      3.551858E-020      8.940110E-023      2.872847E-021      8.954566E-022      1.312814E-020      1.731250E-021      1.982350E-021      0.000000E+000      1.451031E-021      1.815489E-020      0.000000E+000      0.000000E+000      8.447605E-021      0.000000E+000      1.828106E-021      0.000000E+000      1.673016E-021      0.000000E+000      9.133855E-023      0.000000E+000      4.431934E-022      0.000000E+000      3.369086E-020      0.000000E+000      1.901896E-021      0.000000E+000      4.743518E-023
  3.50000E+001  3.50000E+001  1.41840E+001  1.24647E+001      3.911345E-008      4.469143E-012      1.293364E-008      5.170969E-019      5.149396E-026      9.359669E-020      1.134193E-021      2.525100E-020      6.209732E-023      2.290115E-019      9.243995E-023      5.165045E-022      1.720381E-023      4.862427E-020      1.223884E-022      3.932874E-021      1.225863E-021      1.797217E-020      2.370049E-021      2.713801E-021      0.000000E+000      1.986434E-021      2.485371E-020      0.000000E+000      0.000000E+000      1.156462E-020      0.000000E+000      2.502643E-021      0.000000E+000      2.290328E-021      0.000000E+000      1.250408E-022      0.000000E+000      6.067235E-022      0.000000E+000      4.612217E-020      0.000000E+000      2.603661E-021      0.000000E+000      6.493787E-023
  4.00000E+001  4.00000E+001  1.69108E+001  1.50753E+001      5.000839E-008      5.713575E-012      1.653627E-008      6.659037E-019      1.013236E-025      1.196678E-019      1.450120E-021      3.228459E-020      7.939435E-023      2.928019E-019      1.181888E-022      6.603754E-022      2.199588E-023      6.216843E-020      1.564794E-022      5.028364E-021      1.567324E-021      2.297827E-020      3.030219E-021      3.469722E-021      0.000000E+000      2.539750E-021      3.177665E-020      0.000000E+000      0.000000E+000      1.478591E-020      0.000000E+000      3.199747E-021      0.000000E+000      2.928293E-021      0.000000E+000      1.598705E-022      0.000000E+000      7.757246E-022      0.000000E+000      5.896937E-020      0.000000E+000      3.328903E-021      0.000000E+000      8.302614E-023
  5.00000E+001  5.00000E+001  2.24259E+001  1.96538E+001      8.098410E-008      8.769577E-012      2.717217E-008      9.896896E-019      3.485400E-023      2.056905E-019      9.725083E-021      3.845485E-018      2.036745E-022      4.794804E-019      2.736674E-022      1.016620E-021      3.411766E-023      9.865938E-020      2.744941E-022      7.793096E-021      3.248969E-021      3.756655E-020      4.734112E-021      5.515200E-021      1.294839E-024      4.122288E-021      6.109895E-020      0.000000E+000      0.000000E+000      2.403217E-020      0.000000E+000      5.200685E-021      0.000000E+000      4.759479E-021      0.000000E+000      2.598444E-022      0.000000E+000      1.260818E-021      0.000000E+000      9.584542E-020      0.000000E+000      5.410609E-021      0.000000E+000      1.349459E-022
  6.00000E+001  6.00000E+001  2.74660E+001  2.55773E+001      1.523938E-007      1.248744E-011      5.877250E-008      1.353215E-018      8.453857E-018      8.514850E-019      2.038019E-019      9.997092E-017      2.318164E-021      1.283604E-018      1.732692E-021      1.466605E-021      4.985679E-023      1.641405E-019      6.454192E-022      1.138148E-020      1.323317E-020      6.899564E-020      7.110577E-021      9.173725E-021      2.002179E-023      7.860970E-021      2.882399E-019      0.000000E+000      0.000000E+000      4.692883E-020      0.000000E+000      1.015565E-020      0.000000E+000      9.294088E-021      0.000000E+000      5.074122E-022      0.000000E+000      2.462065E-021      0.000000E+000      1.871626E-019      0.000000E+000      1.056559E-020      0.000000E+000      2.635160E-022
  7.00000E+001  7.00000E+001  3.19386E+001  2.87108E+001      3.148355E-007      1.639353E-011      1.505641E-007      1.789283E-018      4.384768E-017      4.439943E-018      1.408341E-018      6.730746E-016      1.472046E-020      4.990772E-018      9.233007E-021      1.954303E-021      7.210087E-023      2.897718E-019      1.528672E-021      1.630145E-020      3.754906E-020      1.210302E-019      1.101109E-020      1.640033E-020      9.516400E-023      1.596079E-020      1.221551E-018      0.000000E+000      0.000000E+000      1.034598E-019      0.000000E+000      2.238925E-020      0.000000E+000      2.048982E-020      0.000000E+000      1.118645E-021      0.000000E+000      5.427897E-021      0.000000E+000      4.126205E-019      0.000000E+000      2.329299E-020      0.000000E+000      5.809499E-022
  8.00000E+001  8.00000E+001  3.30771E+001  3.02139E+001      5.445052E-007      2.211167E-011      3.130820E-007      2.938507E-018      6.651038E-016      2.872461E-010      1.538089E-010      4.101666E-010      7.161321E-015      1.365846E-009      1.422706E-012      6.438894E-016      4.019354E-017      4.441594E-012      1.396161E-016      2.187173E-015      2.547416E-018      9.120230E-014      1.920180E-015      3.352518E-016      2.118849E-018      1.316452E-019      3.410096E-018      0.000000E+000      0.000000E+000      1.911376E-019      0.000000E+000      4.136318E-020      0.000000E+000      3.785408E-020      0.000000E+000      2.066649E-021      0.000000E+000      1.002780E-020      0.000000E+000      7.622971E-019      0.000000E+000      4.303277E-020      0.000000E+000      1.073279E-021
  8.50000E+001  8.50000E+001  3.25492E+001  3.04746E+001      6.865093E-007      2.328377E-011      4.123101E-007      3.223781E-018      1.264281E-015      1.167204E-009      4.155375E-010      9.441082E-010      1.658364E-014      4.017163E-009      3.374740E-012      1.647385E-015      9.789154E-017      9.306416E-012      3.327525E-016      8.356631E-015      9.235367E-018      1.767251E-013      5.064340E-015      9.266980E-016      5.962372E-018      3.230851E-019      4.866929E-018      0.000000E+000      0.000000E+000      2.457045E-019      0.000000E+000      5.317174E-020      0.000000E+000      4.866086E-020      0.000000E+000      2.656642E-021      0.000000E+000      1.289058E-020      0.000000E+000      9.799225E-019      0.000000E+000      5.531797E-020      0.000000E+000      1.379684E-021
  9.00000E+001  9.00000E+001  3.28608E+001  3.06785E+001      8.641284E-007      2.858709E-011      5.560309E-007      5.663040E-018      2.176892E-015      4.803942E-009      7.085007E-010      1.127128E-009      1.984753E-014      9.260781E-009      3.675417E-012      1.947256E-015      1.428706E-016      9.524433E-012      2.779039E-016      2.817235E-014      1.859432E-017      1.408426E-013      8.404472E-015      1.703903E-015      5.555184E-018      3.055434E-019      6.755424E-018      0.000000E+000      0.000000E+000      3.193488E-019      0.000000E+000      6.910878E-020      0.000000E+000      6.324580E-020      0.000000E+000      3.452916E-021      0.000000E+000      1.675425E-020      0.000000E+000      1.273631E-018      0.000000E+000      7.189823E-020      0.000000E+000      1.793214E-021
  9.50000E+001  9.50000E+001  3.31846E+001  3.13637E+001      1.021503E-006      3.350053E-011      6.852601E-007      8.944727E-018      4.001490E-015      9.507861E-009      1.268583E-009      1.676767E-009      2.939396E-014      1.521758E-008      5.456879E-012      2.600331E-015      2.123512E-016      1.293800E-011      4.351039E-016      5.279967E-014      3.199206E-017      2.027844E-013      1.251683E-014      2.616132E-015      8.071008E-018      4.910707E-019      8.733506E-018      0.000000E+000      0.000000E+000      3.857227E-019      0.000000E+000      8.347237E-020      0.000000E+000      7.639089E-020      0.000000E+000      4.170573E-021      0.000000E+000      2.023648E-020      0.000000E+000      1.538343E-018      0.000000E+000      8.684172E-020      0.000000E+000      2.165918E-021
  1.00000E+002  1.00000E+002  3.29625E+001  3.16407E+001      1.118415E-006      3.679581E-011      7.797818E-007      1.022360E-017      4.032476E-015      1.475329E-008      2.169341E-009      3.049855E-009      5.345068E-014      2.215618E-008      8.873350E-012      4.357185E-015      3.275706E-016      1.563564E-011      6.665551E-016      8.253235E-014      5.730501E-017      2.438004E-013      1.684495E-014      3.605833E-015      1.153136E-017      6.805110E-019      1.041113E-017      0.000000E+000      0.000000E+000      4.315195E-019      0.000000E+000      9.338295E-020      0.000000E+000      8.546084E-020      0.000000E+000      4.665742E-021      0.000000E+000      2.263912E-020      0.000000E+000      1.720992E-018      0.000000E+000      9.715240E-020      0.000000E+000      2.423077E-021
  1.10000E+002  1.10000E+002  5.38522E+001  4.95930E+001      1.053066E-006      4.499135E-011      6.542732E-007      4.877425E-017      1.224248E-015      7.866708E-017      2.663190E-017      9.404408E-015      2.002301E-019      4.726370E-017      8.059124E-020      5.534234E-021      2.167539E-022      8.733499E-019      4.180139E-021      4.777435E-020      7.704837E-020      3.329758E-019      3.384028E-020      5.332353E-020      6.370349E-022      4.335947E-020      6.720097E-018      0.000000E+000      0.000000E+000      3.797053E-019      0.000000E+000      8.217020E-020      0.000000E+000      7.519918E-020      0.000000E+000      4.105509E-021      0.000000E+000      1.992079E-020      0.000000E+000      1.514347E-018      0.000000E+000      8.548693E-020      0.000000E+000      2.132129E-021
  1.20000E+002  1.20000E+002  5.95672E+001  5.51168E+001      1.102810E-006      5.475456E-011      6.585796E-007      3.317942E-017      7.515038E-016      7.193445E-017      2.420262E-017      8.841804E-015      1.885163E-019      4.628560E-017      8.024103E-020      6.747840E-021      2.619938E-022      9.643293E-019      4.059520E-021      5.824859E-020      6.461419E-020      3.628540E-019      3.980455E-020      5.826127E-020      5.709552E-022      4.441737E-020      6.421097E-018      0.000000E+000      0.000000E+000      3.917020E-019      0.000000E+000      8.476627E-020      0.000000E+000      7.757507E-020      0.000000E+000      4.235223E-021      0.000000E+000      2.055017E-020      0.000000E+000      1.562191E-018      0.000000E+000      8.818790E-020      0.000000E+000      2.199493E-021
  1.30000E+002  1.30000E+002  6.65740E+001  6.27088E+001      1.134477E-006      5.724220E-011      6.766382E-007      8.724735E-017      8.901943E-016      5.376278E-017      1.786229E-017      7.656610E-015      1.614634E-019      4.443475E-017      8.049422E-020      6.909195E-021      2.662399E-022      9.884775E-019      4.043886E-021      5.963137E-020      6.150495E-020      3.704166E-019      4.111998E-020      5.995490E-020      6.155090E-022      4.437579E-020      6.526484E-018      0.000000E+000      0.000000E+000      4.027595E-019      0.000000E+000      8.715925E-020      0.000000E+000      7.976499E-020      0.000000E+000      4.354781E-021      0.000000E+000      2.113030E-020      0.000000E+000      1.606291E-018      0.000000E+000      9.067734E-020      0.000000E+000      2.261584E-021
  1.40000E+002  1.40000E+002  7.35027E+001  6.98590E+001      1.198165E-006      6.534264E-011      7.044549E-007      1.926706E-016      7.771134E-016      5.049145E-017      1.671456E-017      7.464045E-015      1.578012E-019      4.502219E-017      8.354543E-020      7.856580E-021      2.968059E-022      1.054771E-018      4.087582E-021      6.672229E-020      5.408300E-020      3.926729E-019      4.526914E-020      6.374165E-020      5.722441E-022      4.522018E-020      6.643100E-018      0.000000E+000      0.000000E+000      4.230959E-019      0.000000E+000      9.156106E-020      0.000000E+000      8.379488E-020      0.000000E+000      4.574665E-021      0.000000E+000      2.219746E-020      0.000000E+000      1.687442E-018      0.000000E+000      9.525716E-020      0.000000E+000      2.375789E-021
  1.50000E+002  1.50000E+002  7.93801E+001  7.58034E+001      1.402643E-006      8.006398E-011      8.363781E-007      4.320932E-016      9.495442E-016      6.499216E-017      2.158482E-017      9.525061E-015      2.008074E-019      5.648386E-017      1.035334E-019      9.654817E-021      3.608116E-022      1.245753E-018      4.580870E-021      8.111928E-020      5.814165E-020      4.626980E-019      5.448185E-020      7.471812E-020      6.118394E-022      5.255320E-020      7.870508E-018      0.000000E+000      0.000000E+000      4.979198E-019      0.000000E+000      1.077524E-019      0.000000E+000      9.861113E-020      0.000000E+000      5.383687E-021      0.000000E+000      2.612275E-020      0.000000E+000      1.985810E-018      0.000000E+000      1.121018E-019      0.000000E+000      2.795930E-021
  1.60000E+002  1.60000E+002  8.58669E+001  8.20817E+001      1.721801E-006      1.052847E-010      1.043261E-006      7.949622E-016      1.148134E-015      8.307573E-017      2.757276E-017      1.218388E-014      2.567630E-019      7.229349E-017      1.309268E-019      1.258159E-020      4.630894E-022      1.532416E-018      5.215643E-021      1.041771E-019      6.297911E-020      5.678597E-019      6.887289E-020      9.062588E-020      5.974154E-022      6.362665E-020      9.837226E-018      0.000000E+000      0.000000E+000      6.149203E-019      0.000000E+000      1.330719E-019      0.000000E+000      1.217826E-019      0.000000E+000      6.648741E-021      0.000000E+000      3.226106E-020      0.000000E+000      2.452434E-018      0.000000E+000      1.384433E-019      0.000000E+000      3.452915E-021
  1.70000E+002  1.70000E+002  9.15880E+001  8.78763E+001      2.519063E-006      1.672940E-010      1.513517E-006      1.740963E-015      1.868555E-015      1.317042E-016      4.372099E-017      1.892887E-014      3.964934E-019      1.096797E-016      1.923067E-019      1.996585E-020      7.252983E-022      2.349439E-018      7.740728E-021      1.633086E-019      9.326682E-020      8.706696E-019      1.063341E-019      1.381165E-019      8.696568E-022      9.768205E-020      1.384963E-017      0.000000E+000      0.000000E+000      8.967931E-019      0.000000E+000      1.940707E-019      0.000000E+000      1.776065E-019      0.000000E+000      9.696450E-021      0.000000E+000      4.704917E-020      0.000000E+000      3.576603E-018      0.000000E+000      2.019042E-019      0.000000E+000      5.035692E-021
  1.80000E+002  1.80000E+002  9.79349E+001  9.40199E+001      3.753466E-006      2.622759E-010      2.249734E-006      2.704872E-015      2.518478E-015      1.942051E-016      6.438395E-017      2.803013E-014      5.893094E-019      1.640223E-016      2.883412E-019      3.116403E-020      1.117883E-021      3.506447E-018      1.069361E-020      2.519154E-019      1.243075E-019      1.297293E-018      1.627215E-019      2.030727E-019      9.151435E-022      1.441439E-019      2.038147E-017      0.000000E+000      0.000000E+000      1.335031E-018      0.000000E+000      2.889076E-019      0.000000E+000      2.643979E-019      0.000000E+000      1.443483E-020      0.000000E+000      7.004077E-020      0.000000E+000      5.324389E-018      0.000000E+000      3.005692E-019      0.000000E+000      7.496494E-021
  1.90000E+002  1.90000E+002  1.02983E+002  9.93668E+001      7.462900E-006      5.823889E-010      4.058607E-006      4.134783E-015      3.855749E-015      3.425702E-016      1.125515E-016      4.780713E-014      9.963841E-019      2.802078E-016      4.635571E-019      6.992311E-020      2.499520E-021      7.576190E-018      2.175384E-020      5.649834E-019      2.451243E-019      2.802074E-018      3.571590E-019      4.336979E-019      1.383474E-021      3.109141E-019      3.261671E-017      0.000000E+000      0.000000E+000      2.561833E-018      0.000000E+000      5.543939E-019      0.000000E+000      5.073614E-019      0.000000E+000      2.769946E-020      0.000000E+000      1.344035E-019      0.000000E+000      1.021714E-017      0.000000E+000      5.767718E-019      0.000000E+000      1.438526E-020
  2.00000E+002  2.00000E+002  1.10084E+002  1.06152E+002      8.718002E-006      6.215089E-010      5.322707E-006      6.576992E-015      6.135312E-015      4.858055E-016      1.613337E-016      7.022743E-014      1.476221E-018      4.076174E-016      7.200368E-019      7.374749E-020      2.641401E-021      8.132505E-018      2.340251E-020      5.950877E-019      2.733316E-019      3.007266E-018      3.829683E-019      4.660177E-019      1.614772E-021      3.333124E-019      4.812147E-017      0.000000E+000      0.000000E+000      3.122563E-018      0.000000E+000      6.757387E-019      0.000000E+000      6.184118E-019      0.000000E+000      3.376227E-020      0.000000E+000      1.638215E-019      0.000000E+000      1.245345E-017      0.000000E+000      7.030146E-019      0.000000E+000      1.753388E-020
  2.10000E+002  2.10000E+002  1.16280E+002  1.12146E+002      1.480610E-005      1.099200E-009      8.681230E-006      1.021283E-014      8.815199E-015      7.516220E-016      2.485840E-016      1.082682E-013      2.273882E-018      6.391231E-016      1.120171E-018      1.308363E-019      4.680176E-021      1.426780E-017      4.027673E-020      1.056519E-018      4.658128E-019      5.275644E-018      6.749732E-019      8.147380E-019      2.522345E-021      5.844450E-019      7.484618E-017      0.000000E+000      0.000000E+000      5.223091E-018      0.000000E+000      1.130304E-018      0.000000E+000      1.034413E-018      0.000000E+000      5.647394E-020      0.000000E+000      2.740231E-019      0.000000E+000      2.083080E-017      0.000000E+000      1.175928E-018      0.000000E+000      2.932881E-020
  2.20000E+002  2.20000E+002  1.22007E+002  1.18010E+002      2.548335E-005      2.045785E-009      1.377627E-005      1.213867E-014      1.129050E-014      1.113946E-015      3.655928E-016      1.581113E-013      3.306494E-018      9.501969E-016      1.620814E-018      2.441174E-019      8.645614E-021      2.573604E-017      6.880307E-020      1.957523E-018      7.808109E-019      9.513516E-018      1.235172E-018      1.453716E-018      2.470083E-021      1.052699E-018      1.081389E-016      0.000000E+000      0.000000E+000      8.729394E-018      0.000000E+000      1.889086E-018      0.000000E+000      1.728824E-018      0.000000E+000      9.438534E-020      0.000000E+000      4.579772E-019      0.000000E+000      3.481470E-017      0.000000E+000      1.965338E-018      0.000000E+000      4.901748E-020
  2.30000E+002  2.30000E+002  1.28303E+002  1.24311E+002      3.001084E-005      2.174208E-009      1.832543E-005      4.728981E-015      4.628742E-015      1.644204E-015      5.454403E-016      2.405661E-013      5.059351E-018      1.422178E-015      2.576996E-018      2.562126E-019      9.215162E-021      2.780995E-017      7.527210E-020      2.077129E-018      8.838542E-019      1.028025E-017      1.330019E-018      1.575031E-018      3.345429E-021      1.137363E-018      1.626524E-016      0.000000E+000      0.000000E+000      1.074968E-017      0.000000E+000      2.326287E-018      0.000000E+000      2.128934E-018      0.000000E+000      1.162294E-019      0.000000E+000      5.639691E-019      0.000000E+000      4.287204E-017      0.000000E+000      2.420187E-018      0.000000E+000      6.036186E-020
  2.40000E+002  2.40000E+002  1.34295E+002  1.30302E+002      4.772107E-005      3.619558E-009      2.816099E-005      1.278131E-014      1.159769E-014      2.677682E-015      8.879244E-016      3.961591E-013      8.314875E-018      2.366469E-015      4.508628E-018      4.300100E-019      1.554093E-020      4.563899E-017      1.163589E-019      3.515851E-018      1.336968E-018      1.686808E-017      2.211869E-018      2.558036E-018      1.790252E-021      1.865498E-018      2.506854E-016      0.000000E+000      0.000000E+000      1.687478E-017      0.000000E+000      3.651789E-018      0.000000E+000      3.341986E-018      0.000000E+000      1.824562E-019      0.000000E+000      8.853148E-019      0.000000E+000      6.730022E-017      0.000000E+000      3.799191E-018      0.000000E+000      9.475562E-020
  2.50000E+002  2.50000E+002  1.40029E+002  1.36268E+002      5.911989E-005      4.226050E-009      3.573080E-005      1.041640E-014      1.084574E-014      3.322734E-015      1.103644E-015      4.860570E-013      1.017255E-017      2.861481E-015      5.207952E-018      5.009646E-019      1.838728E-020      5.506253E-017      1.442691E-019      4.147460E-018      1.710783E-018      2.035215E-017      2.654967E-018      3.098761E-018      4.021751E-021      2.250640E-018      3.106998E-016      0.000000E+000      0.000000E+000      2.109383E-017      0.000000E+000      4.564813E-018      0.000000E+000      4.177552E-018      0.000000E+000      2.280740E-019      0.000000E+000      1.106662E-018      0.000000E+000      8.412670E-017      0.000000E+000      4.749070E-018      0.000000E+000      1.184465E-019
  2.60000E+002  2.60000E+002  1.46366E+002  1.42193E+002      9.635895E-005      7.928257E-009      5.309208E-005      2.171622E-014      2.214597E-014      4.664992E-015      1.535191E-015      6.855340E-013      1.438210E-017      4.176564E-015      7.837477E-018      9.394952E-019      3.323522E-020      9.613298E-017      2.437100E-019      7.532100E-018      2.681406E-018      3.553025E-017      4.672005E-018      5.376804E-018      1.992815E-021      3.928324E-018      4.341379E-016      0.000000E+000      0.000000E+000      3.323157E-017      0.000000E+000      7.191485E-018      0.000000E+000      6.581387E-018      0.000000E+000      3.593117E-019      0.000000E+000      1.743454E-018      0.000000E+000      1.325346E-016      0.000000E+000      7.481765E-018      0.000000E+000      1.866026E-019
  2.70000E+002  2.70000E+002  1.51786E+002  1.47037E+002      1.235876E-004      9.434197E-009      6.951385E-005      1.631968E-014      1.928644E-014      5.676407E-015      1.869466E-015      8.393811E-013      1.774307E-017      5.172955E-015      9.634986E-018      1.125178E-018      4.070395E-020      1.192425E-016      3.049080E-019      9.206883E-018      3.467289E-018      4.407234E-017      5.784902E-018      6.678606E-018      4.069087E-021      4.872274E-018      5.664142E-016      0.000000E+000      0.000000E+000      4.293884E-017      0.000000E+000      9.292188E-018      0.000000E+000      8.503876E-018      0.000000E+000      4.642702E-019      0.000000E+000      2.252735E-018      0.000000E+000      1.712493E-016      0.000000E+000      9.667262E-018      0.000000E+000      2.411111E-019
  2.80000E+002  2.80000E+002  1.57707E+002  1.53395E+002      1.571455E-004      1.100860E-008      9.538645E-005      2.193003E-014      2.310680E-014      8.518053E-015      2.826956E-015      1.270613E-012      2.679321E-017      7.678101E-015      1.444990E-017      1.313203E-018      4.851107E-020      1.436933E-016      3.706627E-019      1.093892E-017      4.341469E-018      5.310956E-017      6.956665E-018      8.061053E-018      6.866434E-021      5.871144E-018      8.233257E-016      0.000000E+000      0.000000E+000      5.616090E-017      0.000000E+000      1.215351E-017      0.000000E+000      1.112245E-017      0.000000E+000      6.072318E-019      0.000000E+000      2.946413E-018      0.000000E+000      2.239817E-016      0.000000E+000      1.264408E-017      0.000000E+000      3.153559E-019
  2.90000E+002  2.90000E+002  1.63965E+002  1.60082E+002      2.249921E-004      1.808819E-008      1.253674E-004      4.975278E-014      5.619639E-014      1.165475E-014      3.848293E-015      1.715378E-012      3.577203E-017      1.027566E-014      1.918984E-017      2.158369E-018      7.735907E-020      2.227051E-016      5.634592E-019      1.752706E-017      6.128003E-018      8.230957E-017      1.083532E-017      1.244539E-017      2.995520E-021      9.099113E-018      1.016761E-015      0.000000E+000      0.000000E+000      7.790642E-017      0.000000E+000      1.685935E-017      0.000000E+000      1.542907E-017      0.000000E+000      8.423522E-019      0.000000E+000      4.087266E-018      0.000000E+000      3.107075E-016      0.000000E+000      1.753987E-017      0.000000E+000      4.374618E-019
  3.00000E+002  3.00000E+002  1.69261E+002  1.64489E+002      2.371785E-004      1.684826E-008      1.449577E-004      4.471652E-014      5.678768E-014      1.306893E-014      4.332866E-015      2.029607E-012      4.275018E-017      1.267615E-014      2.513421E-017      2.007168E-018      7.384913E-020      2.157894E-016      5.491027E-019      1.664480E-017      6.291220E-018      7.975338E-017      1.048293E-017      1.207276E-017      5.556721E-021      8.815756E-018      1.268566E-015      0.000000E+000      0.000000E+000      8.498475E-017      0.000000E+000      1.839114E-017      0.000000E+000      1.683091E-017      0.000000E+000      9.188859E-019      0.000000E+000      4.458622E-018      0.000000E+000      3.389375E-016      0.000000E+000      1.913349E-017      0.000000E+000      4.772082E-019
  3.50000E+002  3.49999E+002  1.99020E+002  1.93276E+002      8.148056E-004      5.887717E-008      4.981962E-004      1.526604E-013      2.308240E-013      4.355103E-014      1.441718E-014      6.914025E-012      1.464669E-016      4.401477E-014      8.837212E-017      6.997467E-018      2.538248E-019      7.307413E-016      1.849907E-018      5.719017E-017      2.043703E-017      2.700706E-016      3.555414E-017      4.083400E-017      1.024965E-020      2.985197E-017      4.256794E-015      0.000000E+000      0.000000E+000      2.920040E-016      0.000000E+000      6.319118E-017      0.000000E+000      5.783029E-017      0.000000E+000      3.157253E-018      0.000000E+000      1.531964E-017      0.000000E+000      1.164575E-015      0.000000E+000      6.574186E-017      0.000000E+000      1.639667E-018
  4.00000E+002  3.99997E+002  2.27875E+002  2.21413E+002      1.938854E-003      1.370920E-007      1.173865E-003      2.146281E-013      4.644548E-013      1.002294E-013      3.317209E-014      1.616898E-011      3.433435E-016      1.025087E-013      2.077203E-016      1.634650E-017      6.016505E-019      1.717140E-015      4.324949E-018      1.355108E-016      4.685818E-017      6.346266E-016      8.360964E-017      9.589842E-017      1.451720E-020      7.014770E-017      9.763356E-015      0.000000E+000      0.000000E+000      6.922386E-016      0.000000E+000      1.498040E-016      0.000000E+000      1.370952E-016      0.000000E+000      7.484734E-018      0.000000E+000      3.631746E-017      0.000000E+000      2.760796E-015      0.000000E+000      1.558508E-016      0.000000E+000      3.887074E-018
  4.50000E+002  4.49995E+002  2.57432E+002  2.49734E+002      3.355858E-003      2.528197E-007      2.009312E-003      5.473628E-013      1.908649E-012      1.871006E-013      6.195260E-014      2.969906E-011      6.217893E-016      1.797306E-013      3.534337E-016      3.012380E-017      1.088361E-018      3.087648E-015      7.708985E-018      2.457019E-016      8.223381E-017      1.141157E-015      1.502951E-016      1.724562E-016      3.373450E-020      1.261635E-016      1.626477E-014      0.000000E+000      0.000000E+000      1.193143E-015      0.000000E+000      2.582024E-016      0.000000E+000      2.362976E-016      0.000000E+000      1.290070E-017      0.000000E+000      6.259683E-017      0.000000E+000      4.758512E-015      0.000000E+000      2.686246E-016      0.000000E+000      6.699765E-018
  5.00000E+002  4.99989E+002  2.86856E+002  2.77392E+002      6.966366E-003      5.708746E-007      3.995683E-003      8.523174E-013      6.535756E-012      3.714929E-013      1.225496E-013      5.855743E-011      1.221785E-015      3.499178E-013      6.775853E-016      6.723459E-017      2.356550E-018      6.637302E-015      1.660178E-017      5.338360E-016      1.706861E-016      2.453053E-015      3.233656E-016      3.705132E-016      2.503205E-020      2.711499E-016      3.095237E-014      0.000000E+000      0.000000E+000      2.437654E-015      0.000000E+000      5.275209E-016      0.000000E+000      4.827681E-016      0.000000E+000      2.635679E-017      0.000000E+000      1.278885E-016      0.000000E+000      9.721886E-015      0.000000E+000      5.488140E-016      0.000000E+000      1.368797E-017
  5.50000E+002  5.49979E+002  3.16808E+002  3.06584E+002      1.324202E-002      9.626738E-007      8.116764E-003      1.389041E-012      8.424142E-012      7.247774E-013      2.401319E-013      1.181401E-010      2.510015E-015      7.119223E-013      1.433519E-015      1.150160E-016      4.115931E-018      1.158596E-014      2.895499E-017      9.294564E-016      3.007246E-016      4.282032E-015      5.640492E-016      6.469784E-016      1.137174E-019      4.734758E-016      6.527701E-014      0.000000E+000      0.000000E+000      4.750093E-015      0.000000E+000      1.027945E-015      0.000000E+000      9.407379E-016      0.000000E+000      5.135972E-017      0.000000E+000      2.492079E-016      0.000000E+000      1.894439E-014      0.000000E+000      1.069437E-015      0.000000E+000      2.667282E-017
  6.00000E+002  5.99975E+002  3.45963E+002  3.33835E+002      1.656725E-002      1.395605E-006      8.896887E-003      1.272632E-012      1.377718E-011      7.414080E-013      2.427980E-013      1.179542E-010      2.478141E-015      6.892638E-013      1.337474E-015      1.648487E-016      5.704446E-018      1.618936E-014      4.036903E-017      1.304801E-015      4.136225E-016      5.983466E-015      7.887222E-016      9.037607E-016      6.804241E-020      6.613940E-016      6.300378E-014      0.000000E+000      0.000000E+000      5.661918E-015      0.000000E+000      1.225268E-015      0.000000E+000      1.121321E-015      0.000000E+000      6.121870E-017      0.000000E+000      2.970457E-016      0.000000E+000      2.258094E-014      0.000000E+000      1.274726E-015      0.000000E+000      3.179292E-017
  6.50000E+002  6.49947E+002  3.73447E+002  3.63667E+002      3.547984E-002      3.125974E-006      1.784794E-002      2.623923E-012      2.817894E-011      1.331905E-012      4.319436E-013      2.122328E-010      4.502444E-015      1.280610E-012      2.458232E-015      3.682155E-016      1.261492E-017      3.582241E-014      8.924525E-017      2.891775E-015      9.104411E-016      1.323985E-014      1.745271E-015      1.999741E-015      1.429661E-019      1.463500E-015      1.167318E-013      0.000000E+000      0.000000E+000      1.185616E-014      0.000000E+000      2.565735E-015      0.000000E+000      2.348068E-015      0.000000E+000      1.281931E-016      0.000000E+000      6.220191E-016      0.000000E+000      4.728491E-014      0.000000E+000      2.669299E-015      0.000000E+000      6.657497E-017
  7.00000E+002  6.99943E+002  4.04457E+002  3.92291E+002      3.593768E-002      2.845146E-006      2.152211E-002      2.588857E-012      5.156525E-011      2.091204E-012      6.921905E-013      3.326015E-010      6.917811E-015      1.787080E-012      3.480541E-015      3.359885E-016      1.158838E-017      3.280561E-014      8.159561E-017      2.644881E-015      8.403945E-016      1.212523E-014      1.594633E-015      1.832252E-015      8.447193E-019      1.342931E-015      1.640751E-013      0.000000E+000      0.000000E+000      1.277834E-014      0.000000E+000      2.765299E-015      0.000000E+000      2.530702E-015      0.000000E+000      1.381641E-016      0.000000E+000      6.704003E-016      0.000000E+000      5.096277E-014      0.000000E+000      2.876919E-015      0.000000E+000      7.175323E-017
  7.50000E+002  7.49889E+002  4.30200E+002  4.21848E+002      7.413599E-002      6.416957E-006      3.669796E-002      2.125062E-012      4.883816E-011      2.664187E-012      8.627318E-013      4.161602E-010      8.747278E-015      2.472426E-012      4.589505E-015      7.619149E-016      2.611535E-017      7.478364E-014      1.854957E-016      6.028246E-015      1.918051E-015      2.764203E-014      3.633391E-015      4.178004E-015      2.309017E-018      3.061933E-015      2.277383E-013      0.000000E+000      0.000000E+000      2.464064E-014      0.000000E+000      5.332361E-015      0.000000E+000      4.879985E-015      0.000000E+000      2.664234E-016      0.000000E+000      1.292741E-015      0.000000E+000      9.827215E-014      0.000000E+000      5.547600E-015      0.000000E+000      1.383626E-016
  8.00000E+002  7.99897E+002  4.61828E+002  4.48424E+002      6.644888E-002      5.674419E-006      3.656000E-002      1.891746E-012      8.163797E-011      3.359861E-012      1.104368E-012      5.327775E-010      1.110204E-014      2.790852E-012      5.360411E-015      6.656857E-016      2.266751E-017      6.411387E-014      1.592614E-016      5.180157E-015      1.625754E-015      2.369608E-014      3.122717E-015      3.579469E-015      4.613125E-019      2.619635E-015      2.575004E-013      0.000000E+000      0.000000E+000      2.290480E-014      0.000000E+000      4.956717E-015      0.000000E+000      4.536210E-015      0.000000E+000      2.476550E-016      0.000000E+000      1.201673E-015      0.000000E+000      9.134926E-014      0.000000E+000      5.156793E-015      0.000000E+000      1.286156E-016
  9.00000E+002  8.99835E+002  5.21155E+002  5.05181E+002      1.079682E-001      9.298427E-006      5.691443E-002      1.506169E-012      8.992737E-011      4.930746E-012      1.613641E-012      7.654200E-010      1.587201E-014      3.941550E-012      7.260105E-015      1.095435E-015      3.722613E-017      1.065564E-013      2.632969E-016      8.651737E-015      2.732696E-015      3.923547E-014      5.172693E-015      5.990160E-015      2.267876E-017      4.522897E-015      3.699479E-013      0.000000E+000      0.000000E+000      3.666040E-014      0.000000E+000      7.933500E-015      0.000000E+000      7.260454E-015      0.000000E+000      3.963855E-016      0.000000E+000      1.923344E-015      0.000000E+000      1.462095E-013      0.000000E+000      8.253733E-015      0.000000E+000      2.058563E-016
  1.00000E+003  9.99810E+002  5.76945E+002  5.38722E+002      1.420243E-001      1.543788E-005      4.830562E-002      1.329265E-014      1.731568E-012      5.975205E-013      9.712764E-014      5.148184E-011      1.333413E-015      1.024372E-012      9.082201E-016      1.791968E-015      5.984999E-017      1.705014E-013      4.262746E-016      1.381248E-014      4.319188E-015      6.296427E-014      8.293178E-015      9.519386E-015      6.847986E-018      7.058751E-015      1.177116E-013      0.000000E+000      0.000000E+000      4.229180E-014      0.000000E+000      9.152164E-015      0.000000E+000      8.375731E-015      0.000000E+000      4.572741E-016      0.000000E+000      2.218788E-015      0.000000E+000      1.686688E-013      0.000000E+000      9.521587E-015      0.000000E+000      2.374778E-016
  1.25000E+003  1.24942E+003  7.24426E+002  6.90051E+002      4.217371E-001      4.314934E-005      1.556512E-001      8.526704E-014      1.149777E-010      4.596949E-012      1.265075E-012      6.135183E-010      1.325997E-014      4.698941E-012      6.171183E-015      5.016118E-015      1.681377E-016      4.829895E-013      1.197559E-015      3.950990E-014      1.228062E-014      1.774544E-013      2.348654E-014      2.715375E-014      1.451720E-016      2.054002E-014      5.267369E-013      0.000000E+000      0.000000E+000      1.283108E-013      0.000000E+000      2.776713E-014      0.000000E+000      2.541148E-014      0.000000E+000      1.387343E-015      0.000000E+000      6.731672E-015      0.000000E+000      5.117311E-013      0.000000E+000      2.888794E-014      0.000000E+000      7.204937E-016
  1.50000E+003  1.49886E+003  8.73407E+002  8.22491E+002      8.501399E-001      9.154325E-005      2.905569E-001      2.147821E-013      1.542530E-011      4.476776E-012      9.129434E-013      4.596405E-010      1.132782E-014      6.299090E-012      6.062094E-015      1.058457E-014      3.536351E-016      1.011807E-012      2.515731E-015      8.205905E-014      2.565810E-014      3.736947E-013      4.918771E-014      5.643412E-014      6.106287E-017      4.185643E-014      7.324790E-013      0.000000E+000      0.000000E+000      2.534672E-013      0.000000E+000      5.485162E-014      0.000000E+000      5.019822E-014      0.000000E+000      2.740579E-015      0.000000E+000      1.329785E-014      0.000000E+000      1.010882E-012      0.000000E+000      5.706568E-014      0.000000E+000      1.423274E-015
  1.75000E+003  1.74845E+003  1.02185E+003  9.61981E+002      1.150015E+000      1.227721E-004      3.978731E-001      5.019545E-013      1.486944E-011      5.998828E-012      1.197448E-012      6.187830E-010      1.507475E-014      8.762295E-012      8.324207E-015      1.419588E-014      4.743863E-016      1.355853E-012      3.378316E-015      1.107408E-013      3.428766E-014      4.989418E-013      6.601093E-014      7.593372E-014      2.864885E-016      5.665490E-014      1.056829E-012      0.000000E+000      0.000000E+000      3.439517E-013      0.000000E+000      7.443300E-014      0.000000E+000      6.811841E-014      0.000000E+000      3.718934E-015      0.000000E+000      1.804503E-014      0.000000E+000      1.371756E-012      0.000000E+000      7.743750E-014      0.000000E+000      1.931367E-015
  2.00000E+003  1.99726E+003  1.17406E+003  1.10356E+003      2.036103E+000      2.097147E-004      7.060100E-001      1.096782E-012      3.500362E-011      1.438465E-011      3.577623E-012      1.685294E-009      3.979440E-014      1.589732E-011      1.784445E-014      2.422882E-014      8.123332E-016      2.349696E-012      5.779391E-015      1.940729E-013      5.963271E-014      8.630798E-013      1.137241E-013      1.304753E-013      2.936543E-016      1.028836E-013      1.990640E-012      0.000000E+000      0.000000E+000      6.093177E-013      0.000000E+000      1.318595E-013      0.000000E+000      1.206731E-013      0.000000E+000      6.588162E-015      0.000000E+000      3.196711E-014      0.000000E+000      2.430090E-012      0.000000E+000      1.371819E-013      0.000000E+000      3.421454E-015
